0 1 2 3 4 5 6 7 8 9 10 11 12 13 14 15 16 17 18 19 20 21 22 23 24 25 26 27 28 29 30 31 32 33 34 35 36 37 38 39 40 41 42 43 44 45 46 47 48 49 50 51 52 53 54 55 56 57 58 59 60 61 62 63 64 65 66 67 68 69 70 71 72 73 74 75 76 77 78 79 80 81 82 83 84 85 86 87 88 89 90 91 92 93 94 95 96 97 98 99 100 101 102 103 104 105 106 107 108 109 110 111 112 113 114 115 116 117 118 119 120 121 122 123 124 125 126 127 128 129 130 131 132 133 134 135 136 137 138 139 140 141 142 143 144 145 146 147 148 149 150 151 152 153 154 155 156 157 158 159 160 161 162 163 164 165 166 167 168 169 170 171 172 173 174 175 176 177 178 179 180 181 182 183 184 185 186 187 188 189 190 191 192 193 194 195 196 197 198 199 200 
200 1 1 1 1 1 1 1 1 9 9 9 9 1 1 1 1 1 1 18 18 18 18 18 34 34 3 3 3 5 5 5 5 5 9 9 9 4 4 4 4 4 4 4 17 5 5 5 5 5 45 45 5 5 5 5 5 5 1 1 1 1 1 1 2 2 2 2 2 9 9 9 9 16 16 9 9 9 9 9 9 10 10 10 10 16 16 16 21 21 21 21 6 6 6 6 6 6 5 5 5 5 5 37 1 1 1 1 1 28 28 28 38 38 38 10 10 10 10 10 10 11 11 9 9 9 9 9 9 2 2 2 2 2 2 2 2 41 41 41 3 3 3 3 3 11 11 3 3 3 3 3 23 23 1 1 1 24 24 24 19 19 19 19 37 37 10 10 10 10 10 10 1 1 1 1 1 3 3 6 6 6 1 1 1 1 1 1 1 13 13 13 15 11 11 11 9 9 9 9 9 
199 1 1 1 1 1 1 1 9 9 9 9 9 1 1 1 1 1 1 18 18 18 18 34 34 34 3 3 3 5 5 5 5 9 9 9 9 4 4 4 4 4 4 17 17 5 5 5 5 5 45 45 5 5 5 5 5 5 1 1 1 1 1 1 2 2 2 2 42 9 9 9 9 16 16 9 9 9 9 9 10 10 10 10 16 16 16 21 21 21 21 21 6 6 6 6 6 6 5 5 5 5 37 37 1 1 1 1 1 28 28 28 38 38 38 10 10 10 10 10 11 11 11 9 9 9 9 9 9 2 2 2 2 2 2 2 41 41 41 41 3 3 3 3 11 11 11 3 3 3 3 23 23 23 1 1 24 24 24 24 19 19 19 19 37 37 10 10 10 10 10 10 1 1 1 1 3 3 6 6 6 6 1 1 1 1 1 1 13 13 13 15 15 11 11 11 9 9 9 9 9 
198 1 1 1 1 1 1 1 9 9 9 9 4 4 1 1 1 1 1 18 18 18 34 34 34 34 3 3 5 5 5 5 5 9 9 9 9 4 4 4 4 4 4 17 17 5 5 5 5 5 5 5 5 5 5 5 5 5 1 1 1 1 1 1 2 2 2 42 42 42 9 9 3 3 9 9 9 9 9 9 10 10 10 10 16 16 1 21 21 21 21 21 12 6 6 6 6 6 6 5 5 5 37 37 1 1 1 1 1 28 28 28 38 38 2 2 10 10 10 10 11 11 11 9 9 9 9 9 9 9 2 2 2 2 2 2 41 41 41 41 3 3 3 3 11 11 11 5 3 3 3 23 23 23 4 4 24 24 24 24 19 19 19 19 19 10 10 10 10 10 10 1 1 1 1 1 3 3 6 6 6 6 1 1 1 1 1 1 13 13 15 15 15 11 11 11 9 9 9 9 9 
197 1 1 1 1 1 1 1 6 9 9 4 4 4 4 1 1 1 1 3 3 3 34 34 34 34 5 5 5 5 5 5 5 9 9 9 9 9 4 4 4 4 4 17 17 5 5 5 5 5 5 5 5 5 5 5 5 5 37 37 1 1 1 1 1 2 42 42 42 42 37 37 3 3 12 9 9 9 9 9 4 4 4 4 1 1 1 1 21 21 21 12 12 12 6 6 6 6 6 5 5 5 5 37 1 1 1 1 1 2 2 6 6 6 2 2 2 10 10 10 11 11 11 9 9 9 9 9 9 9 2 2 2 2 2 2 1 41 41 41 3 3 3 3 3 11 5 5 5 5 5 5 23 23 4 4 24 24 24 24 19 19 19 19 19 1 7 7 7 2 2 2 1 1 1 1 3 3 6 6 6 6 5 5 5 1 1 3 3 3 15 15 15 11 11 11 9 9 9 9 9 
196 1 1 1 1 1 1 6 6 6 4 4 4 4 4 4 1 1 3 3 3 3 34 34 34 34 5 5 5 5 5 5 5 9 9 9 9 9 3 3 4 4 45 17 17 5 5 5 5 5 6 6 5 5 5 5 5 37 37 37 37 1 1 1 1 1 42 42 42 42 37 37 37 12 12 12 9 9 9 4 4 4 4 4 1 1 1 1 1 21 21 12 12 4 4 6 6 6 33 33 5 5 5 23 1 1 1 1 2 2 2 6 6 6 6 2 2 2 2 2 2 11 11 1 9 9 9 9 9 9 9 2 2 2 2 1 1 1 18 18 3 3 3 3 3 5 5 5 5 5 5 5 5 3 3 3 13 13 13 13 19 19 19 19 1 1 7 7 7 2 2 2 2 1 1 1 3 3 3 6 6 6 5 5 5 5 3 3 3 3 3 15 15 25 25 44 44 9 9 9 9 
195 1 1 1 2 2 2 6 6 6 4 4 4 4 4 4 4 3 3 3 3 3 3 34 34 34 5 5 5 5 5 5 5 9 9 9 9 3 3 3 3 45 45 45 17 5 5 5 5 6 6 6 6 29 29 29 29 37 37 37 37 2 2 1 1 1 50 50 42 42 42 37 37 12 12 12 12 9 9 4 4 4 4 4 4 1 1 1 1 1 4 4 4 4 4 1 1 33 33 33 33 5 23 23 23 1 1 5 2 2 2 6 6 6 6 1 1 2 2 2 2 2 1 1 1 9 9 9 9 9 9 2 2 2 1 1 1 1 18 18 2 2 2 2 2 5 5 5 5 5 5 5 5 3 3 3 13 13 13 13 19 19 19 1 1 1 4 4 2 2 2 2 2 2 1 3 3 3 3 3 6 6 4 4 5 2 2 3 3 3 3 3 25 25 25 44 44 8 8 8 8 
194 1 2 2 2 2 2 2 6 5 5 4 4 4 4 4 4 3 3 3 3 3 3 3 34 34 36 36 1 1 1 1 7 7 9 9 3 3 3 3 3 45 45 45 12 12 5 5 6 6 6 6 29 29 29 29 29 2 2 2 2 2 2 2 1 50 50 50 50 42 41 41 41 12 12 12 12 14 14 14 4 4 4 4 4 1 1 1 1 1 4 4 4 4 1 1 1 33 33 33 14 14 23 23 23 23 5 5 5 2 2 6 6 6 1 1 1 1 2 2 2 2 1 1 1 1 1 1 9 9 9 2 2 11 1 1 1 1 18 18 2 2 2 2 2 5 5 5 5 5 5 5 5 4 4 4 4 13 13 3 3 3 3 3 1 4 4 4 4 2 2 2 2 2 2 3 3 3 3 3 3 4 4 4 4 2 2 2 3 3 3 3 25 25 25 8 8 8 8 8 8 
193 2 2 2 2 2 2 2 5 5 5 5 4 4 4 4 4 3 3 3 3 3 3 3 3 36 36 36 1 1 1 28 7 7 7 3 3 3 3 3 3 3 45 12 12 12 8 8 6 6 29 29 29 29 29 29 29 2 2 2 2 2 2 2 2 50 50 50 50 41 41 41 41 12 12 12 14 14 14 14 1 1 4 4 1 1 1 1 1 1 4 4 4 4 1 1 1 10 33 14 14 14 14 23 23 23 5 5 5 5 2 6 6 6 1 1 1 1 1 2 2 2 2 1 1 1 1 1 1 1 1 1 11 11 11 1 1 1 18 18 2 2 2 2 2 1 5 5 5 5 5 5 5 4 4 4 4 4 3 3 3 3 3 3 3 4 4 4 4 2 2 2 2 2 3 3 3 3 3 3 3 4 4 4 4 10 10 2 2 3 3 3 25 25 8 8 8 8 8 8 8 
192 2 2 2 2 2 1 1 5 5 5 5 5 5 5 4 4 3 3 3 3 3 3 3 3 36 36 36 6 1 28 28 28 7 7 3 3 3 3 3 3 3 3 12 12 12 8 8 8 29 29 29 29 29 29 29 2 2 2 2 2 2 2 2 2 23 23 50 2 2 41 41 41 12 12 14 14 14 14 14 1 1 1 1 1 1 1 1 1 1 1 4 4 4 1 10 10 10 10 14 14 14 14 23 23 5 5 5 5 5 5 15 15 15 1 1 1 1 1 1 2 2 2 2 1 1 1 1 1 1 1 1 11 11 11 6 6 6 6 6 2 2 2 2 1 1 1 5 5 5 5 5 13 13 4 4 4 4 3 3 3 3 3 3 3 3 4 4 4 2 2 3 3 3 3 3 3 3 3 2 2 4 4 4 10 10 10 10 2 2 3 8 8 8 8 8 8 8 8 8 8 
191 2 38 38 38 1 1 1 5 5 5 5 5 5 5 5 5 3 3 3 3 3 3 5 5 5 5 6 6 6 28 28 16 16 16 5 5 3 3 3 3 3 3 12 12 12 8 8 7 7 29 29 29 1 1 1 1 2 2 2 2 2 2 4 4 23 23 23 2 2 2 9 9 9 9 14 14 14 14 14 1 1 1 1 1 1 1 1 1 1 1 1 1 1 10 10 10 10 10 14 14 14 14 44 5 5 5 5 5 5 5 15 15 15 15 1 1 1 1 1 2 2 2 2 1 1 1 1 1 1 1 1 1 11 6 6 6 6 6 6 2 2 2 2 1 1 1 1 5 45 45 13 13 13 13 4 4 3 3 3 3 3 3 3 3 3 3 4 4 3 3 3 3 3 3 3 3 3 2 2 2 2 4 10 10 10 10 10 2 2 8 8 8 8 8 8 8 8 8 8 8 
190 38 38 38 38 1 1 1 1 5 5 5 5 5 5 5 5 5 3 3 3 3 5 5 5 5 5 6 6 6 6 16 16 16 5 5 5 5 3 3 3 3 3 10 10 10 5 5 7 7 7 1 1 1 1 1 1 1 2 2 2 2 4 4 4 4 23 23 2 2 2 9 9 9 43 43 14 14 14 14 1 1 1 1 1 1 1 1 1 1 1 1 1 1 10 10 10 10 10 14 14 14 44 44 5 5 5 5 5 5 5 15 15 15 15 4 1 1 1 1 1 2 2 2 28 28 1 1 1 1 1 1 1 1 6 6 6 6 6 6 2 2 2 1 1 1 1 1 45 45 45 45 13 13 13 3 3 3 3 3 3 3 3 3 3 3 3 3 28 3 3 3 3 3 3 3 3 3 2 2 2 2 2 10 10 10 10 10 2 2 8 8 8 8 8 1 1 1 1 1 1 
189 5 5 5 5 1 1 1 1 1 5 5 5 5 5 5 5 5 5 3 3 5 5 5 5 5 5 6 6 6 6 16 16 16 5 5 5 5 3 3 3 3 10 10 10 10 5 5 7 7 1 1 1 1 1 1 1 1 1 1 1 4 4 4 4 4 4 21 21 2 28 28 28 43 43 43 4 4 4 4 1 1 1 1 1 1 1 1 1 1 1 1 1 1 1 10 10 10 10 10 14 44 44 44 5 5 5 5 5 5 5 15 15 15 4 4 4 1 1 1 1 1 2 28 28 28 28 1 1 1 1 1 1 1 6 6 6 6 6 6 47 47 47 47 1 1 1 1 45 45 45 45 9 9 9 3 3 3 3 3 3 3 3 3 3 3 3 28 28 28 3 3 3 3 3 3 3 2 2 2 2 2 2 10 10 10 10 10 1 1 1 1 1 1 1 1 1 1 1 1 1 
188 5 5 5 5 1 1 1 1 3 3 5 5 5 5 5 5 5 5 5 5 5 5 5 5 5 5 5 6 6 6 49 49 4 4 4 4 4 6 6 2 2 10 10 10 10 1 1 1 1 1 1 1 1 1 1 1 1 1 1 1 4 4 4 4 4 4 21 21 28 28 28 28 43 43 43 4 4 4 4 4 1 1 1 1 1 1 1 1 1 1 1 1 1 9 10 10 10 10 10 10 44 44 44 5 5 5 5 5 5 5 15 15 4 4 4 4 4 1 1 1 1 28 28 28 28 28 1 1 1 1 1 1 1 1 6 6 6 21 21 47 47 47 47 30 30 30 30 45 45 45 45 9 9 9 1 1 3 3 3 3 3 3 3 3 15 15 28 28 28 28 13 13 3 3 3 2 2 2 2 2 2 2 10 10 10 10 1 1 1 1 1 1 1 1 1 1 1 1 1 1 
187 5 5 5 5 5 1 1 3 3 3 3 3 5 5 5 5 5 5 5 5 5 5 5 5 5 5 2 2 2 49 49 49 4 4 4 4 4 6 6 2 2 2 10 10 1 1 1 1 1 1 1 1 1 1 1 1 1 1 1 1 4 4 4 4 4 4 21 21 28 28 28 28 43 43 2 2 4 4 4 4 1 1 1 1 1 1 1 1 1 1 1 1 9 9 9 10 10 10 10 10 7 7 44 5 5 5 5 5 5 5 4 4 4 4 4 4 4 4 1 9 9 28 28 28 28 28 1 1 1 1 1 1 1 1 1 6 21 21 21 47 47 47 47 30 30 30 30 20 20 20 20 7 7 7 1 1 1 3 3 3 3 3 3 15 15 15 15 28 28 13 13 13 13 2 2 2 2 2 2 2 2 6 6 10 10 1 1 1 1 1 1 1 1 1 1 1 1 1 1 1 
186 5 5 5 5 5 6 6 3 3 3 3 3 3 5 5 5 5 5 25 25 5 5 5 5 5 2 2 2 2 49 49 49 4 4 4 4 24 24 2 2 2 2 2 1 1 1 1 1 1 1 1 1 1 1 1 1 1 1 1 4 4 4 4 4 4 10 10 10 5 5 5 40 40 40 2 2 2 4 4 4 1 1 1 1 1 1 1 1 1 1 3 3 9 9 5 5 4 4 10 7 7 7 7 5 5 5 5 5 5 5 4 4 4 4 4 4 4 4 9 9 9 9 28 28 28 28 1 1 1 1 1 1 1 1 1 5 21 21 21 2 2 2 13 13 30 30 30 20 20 20 20 7 7 7 7 1 1 3 3 3 3 3 1 15 15 15 15 15 1 1 13 13 2 2 2 2 2 2 3 3 6 6 6 1 1 1 1 1 1 1 1 2 2 1 1 1 1 1 1 1 
185 43 43 5 5 6 6 6 6 3 3 3 3 3 3 5 5 5 25 25 25 25 5 45 45 2 2 2 2 2 2 49 49 4 4 4 24 24 24 2 2 2 2 2 1 1 1 1 1 1 1 1 1 1 1 1 1 1 1 4 4 4 4 4 4 10 10 10 10 5 5 5 40 40 40 2 2 2 2 2 2 1 1 1 1 1 1 1 1 1 1 3 3 3 5 5 5 4 4 4 7 7 7 7 7 5 5 5 5 5 5 4 4 4 4 4 4 4 9 9 9 9 9 4 4 4 4 1 1 1 1 1 1 1 1 1 5 5 21 21 2 2 2 13 13 13 30 20 20 20 20 20 20 7 7 7 24 24 3 3 3 3 1 1 1 15 15 15 1 1 1 1 2 2 2 2 4 4 3 3 3 6 6 1 1 1 1 1 1 1 1 2 2 2 2 2 1 1 1 1 1 
184 43 43 43 10 6 6 6 6 6 3 3 3 3 3 1 1 1 25 25 25 25 45 45 45 45 2 2 2 2 2 2 46 46 4 24 24 24 24 2 2 2 2 2 1 1 1 1 1 1 1 1 1 1 1 1 1 1 4 4 4 4 4 4 10 10 1 1 10 5 5 5 40 40 40 2 2 2 2 2 2 1 1 1 1 1 1 1 1 1 3 3 3 5 5 5 5 5 4 4 7 7 7 7 1 1 1 1 1 1 1 4 4 4 4 4 7 7 9 9 9 9 9 4 4 4 4 1 1 1 1 1 1 1 1 5 5 5 5 21 2 2 2 13 13 13 13 20 20 20 20 20 20 20 5 5 24 24 24 3 13 13 1 1 1 1 1 1 1 1 1 1 2 2 2 4 4 4 3 3 3 1 1 1 1 1 1 1 1 2 2 2 2 2 2 2 2 1 1 1 1 
183 43 43 10 10 10 6 6 6 6 6 3 3 3 1 1 1 1 25 25 25 45 45 45 45 45 22 22 2 2 2 2 46 46 24 24 24 24 24 24 2 2 2 1 1 1 1 1 1 1 1 1 1 1 1 1 1 1 4 4 4 4 4 10 10 1 1 1 1 5 5 5 5 40 40 2 2 2 2 2 2 1 1 1 1 1 1 1 1 3 3 3 10 5 5 5 5 5 5 5 7 7 7 1 1 1 1 1 1 1 1 1 4 4 4 7 7 7 7 9 16 16 16 4 4 4 4 1 1 1 1 1 1 1 1 1 5 5 1 1 8 8 8 13 13 13 13 27 27 20 20 20 20 20 5 5 24 24 24 13 13 13 13 1 1 1 1 12 12 1 1 1 1 2 39 4 4 4 13 13 13 1 1 1 1 1 1 1 2 2 2 2 2 2 2 2 2 2 2 2 1 
182 10 10 10 10 10 6 6 6 6 6 5 5 1 1 1 1 1 1 25 6 45 45 45 45 22 22 22 22 2 2 1 1 46 24 24 24 24 24 24 1 1 1 1 1 1 1 1 1 1 1 1 1 1 1 1 1 34 34 4 4 4 10 10 10 1 1 1 1 1 5 5 5 5 5 2 2 2 2 2 2 1 1 1 1 1 1 1 1 1 3 10 10 10 5 5 5 5 5 5 5 7 7 1 1 1 1 1 1 1 1 1 1 2 2 7 7 7 7 16 16 16 16 4 4 4 4 1 1 1 1 1 1 1 1 1 1 1 1 1 8 8 8 8 13 13 27 27 27 27 20 20 20 20 20 5 24 24 24 13 13 13 13 9 9 9 12 12 12 12 1 1 1 39 39 39 4 18 13 13 13 1 1 1 1 1 1 2 2 2 2 2 2 2 2 2 2 2 2 2 2 
181 10 10 10 10 10 6 6 6 6 5 5 5 1 1 1 1 1 1 6 6 6 45 45 45 22 22 22 22 22 1 1 1 1 24 24 24 24 24 1 1 1 1 1 1 1 1 1 1 1 1 1 1 1 1 1 34 34 34 34 34 34 10 10 10 1 1 1 1 1 5 5 5 5 5 2 2 2 2 2 1 1 1 1 1 1 1 1 1 1 10 10 10 10 34 34 5 5 5 5 5 20 20 1 1 1 1 1 1 1 1 1 1 2 2 2 7 7 7 16 16 16 16 4 4 4 4 1 1 1 1 1 1 1 1 1 1 1 1 1 8 8 8 8 8 27 27 27 27 27 20 20 20 20 12 12 24 24 24 6 6 6 9 9 9 9 12 12 12 12 1 1 1 39 39 39 18 18 18 13 13 1 1 1 1 2 2 2 2 2 2 2 2 2 2 2 2 2 2 2 2 
180 10 10 10 10 10 6 6 6 38 5 5 5 1 1 1 1 1 1 6 6 6 6 6 6 19 19 22 22 1 1 1 1 1 1 24 24 24 1 1 1 1 1 1 1 1 1 1 1 1 1 1 1 1 1 34 34 34 34 34 34 34 34 14 14 1 1 1 4 4 5 5 5 5 5 2 2 2 2 2 1 1 1 1 1 1 1 1 1 26 26 10 10 34 34 34 34 5 5 5 20 20 20 3 3 3 3 3 1 1 1 1 1 2 2 2 2 7 3 3 16 16 16 4 4 4 4 3 1 1 1 1 1 1 1 1 1 1 1 1 1 8 19 19 3 3 27 27 27 6 6 20 20 12 12 12 12 24 6 6 6 6 9 9 9 9 5 12 12 12 1 1 1 39 39 39 18 18 18 13 13 22 22 22 2 2 2 2 2 2 2 2 2 2 2 2 2 2 2 2 2 
179 10 10 10 10 10 6 6 38 38 38 5 9 9 1 1 1 1 1 6 6 6 6 6 6 19 19 19 19 1 1 1 1 1 1 38 38 1 1 1 1 1 1 1 1 1 1 1 1 1 1 1 1 1 34 34 34 34 34 34 34 34 14 14 14 4 4 4 4 4 5 5 5 5 5 2 2 2 2 2 1 1 1 1 1 1 1 8 8 26 26 28 28 34 34 34 4 4 4 20 20 20 3 3 3 3 3 3 3 1 1 1 1 2 2 2 4 4 3 3 3 6 6 6 6 4 3 3 3 1 1 1 1 1 1 1 1 1 1 1 1 19 19 19 3 3 3 3 6 6 6 6 6 12 12 12 12 14 14 6 6 6 9 9 9 5 5 5 12 12 36 36 36 36 39 39 17 17 17 17 17 22 22 22 2 2 2 2 2 2 2 2 2 2 2 2 2 2 2 2 2 
178 10 11 11 11 11 19 19 38 38 38 9 9 9 9 1 1 1 1 32 6 6 6 6 6 19 19 19 19 1 1 1 6 6 6 38 38 1 1 1 1 1 1 1 1 1 1 1 1 1 1 1 1 1 34 34 34 34 34 34 34 14 14 14 14 4 4 4 4 4 5 5 5 5 1 1 2 2 2 2 10 1 1 6 6 6 8 8 8 8 12 28 28 6 6 6 4 4 4 20 20 3 3 3 3 3 3 3 3 1 1 1 1 2 2 4 4 4 4 3 24 6 6 6 6 6 3 3 3 3 2 2 2 1 1 1 1 1 1 1 1 19 19 19 3 3 3 3 6 6 6 6 6 6 12 12 14 14 14 14 4 4 2 2 2 2 5 8 8 8 36 36 36 5 5 5 17 17 17 17 17 22 22 22 22 2 2 2 2 2 2 2 2 2 2 2 2 2 2 2 2 
177 11 11 11 11 11 19 19 19 38 9 9 9 9 9 9 1 1 32 32 32 6 6 6 6 19 19 19 19 2 2 6 6 6 6 38 38 15 15 1 1 1 1 1 1 1 1 1 1 1 1 1 1 1 6 6 6 34 34 10 10 14 14 14 14 4 4 4 4 4 4 5 5 1 1 1 1 2 2 10 10 10 6 6 6 6 8 8 8 12 12 12 28 6 6 14 14 4 4 20 20 3 3 3 3 3 3 3 3 3 1 1 12 12 12 4 4 4 4 24 24 24 6 6 6 6 6 3 3 3 2 2 1 1 1 1 1 1 1 1 1 1 19 19 42 3 3 3 6 6 6 6 6 6 6 14 14 14 14 4 4 4 2 2 2 2 8 8 8 8 8 36 5 5 5 5 17 17 17 17 17 22 22 22 22 22 2 2 2 2 2 2 2 2 2 2 2 2 2 2 2 
176 11 11 11 11 11 19 19 19 5 5 9 9 9 9 9 9 32 32 32 32 6 6 6 1 1 5 5 5 2 2 6 6 6 6 44 44 15 15 15 1 1 1 1 1 1 1 1 1 1 1 1 1 1 6 6 6 6 10 10 10 10 14 14 14 4 4 4 4 4 4 4 1 1 1 1 1 1 10 10 10 10 6 6 6 6 6 8 12 12 12 12 9 9 14 14 14 1 1 20 20 3 3 3 3 3 3 3 3 3 3 12 12 12 12 12 4 4 4 24 24 24 18 6 6 6 6 6 3 2 2 2 1 1 1 1 1 1 1 1 1 1 1 42 42 42 3 3 6 6 6 6 6 6 5 5 14 14 4 4 4 4 2 2 2 2 8 8 8 8 8 5 5 5 5 5 5 17 17 17 2 2 22 22 22 22 22 29 29 2 2 2 2 2 2 2 2 2 2 2 2 
175 20 20 11 11 11 19 19 5 5 5 5 9 9 9 9 9 32 32 32 32 23 23 1 1 1 5 5 5 5 23 23 3 3 3 44 44 15 15 15 2 1 1 1 1 1 1 1 1 1 1 1 1 1 6 6 6 6 10 10 10 10 10 14 14 14 4 4 4 4 4 4 1 1 1 1 1 1 10 10 10 10 6 6 6 6 6 12 12 12 12 9 9 9 14 14 14 1 1 5 20 3 3 3 3 3 3 3 3 3 3 12 12 12 12 12 12 4 4 14 14 18 18 18 6 6 6 6 2 2 2 2 41 41 41 1 1 1 1 1 1 1 1 42 42 1 1 1 6 6 6 6 6 5 5 5 5 40 40 4 4 28 2 2 2 2 2 8 8 8 8 5 5 5 5 5 5 2 2 2 2 2 2 22 22 22 29 29 29 29 2 2 2 2 2 2 2 2 2 2 2 
174 20 20 20 1 1 5 5 5 5 5 5 5 9 9 9 4 4 32 32 2 23 23 23 1 4 5 5 5 23 23 23 3 3 3 3 44 40 40 2 2 2 2 1 1 3 3 1 1 1 1 1 1 1 1 6 6 6 10 10 10 10 10 14 14 14 4 4 4 4 4 4 1 1 1 9 9 9 10 10 10 10 6 6 6 6 12 12 12 12 12 9 9 9 9 14 14 5 5 5 5 3 3 3 3 3 3 3 3 1 1 12 12 12 12 12 12 12 14 14 14 18 18 18 18 6 6 2 2 2 2 41 41 41 41 41 1 1 1 1 1 1 8 8 8 1 1 1 1 6 6 6 5 5 5 5 5 40 40 40 28 28 28 2 2 2 14 14 14 14 10 10 10 5 5 5 2 2 2 2 2 2 2 2 9 9 29 29 29 29 3 3 2 2 50 50 2 2 2 2 2 
173 20 20 1 1 1 5 5 5 5 5 5 5 5 5 4 4 4 4 2 2 2 23 23 4 4 4 5 23 23 23 23 3 3 3 3 3 40 40 2 2 2 2 2 3 3 3 3 1 1 1 1 1 1 1 6 6 10 10 10 10 10 3 3 14 14 4 4 4 4 4 4 4 1 9 9 9 9 7 7 7 7 1 1 1 1 12 12 12 12 27 9 9 9 9 14 14 5 5 5 5 5 3 3 3 3 3 3 1 1 1 1 12 12 12 12 12 12 14 14 2 18 18 18 18 20 20 2 2 2 41 41 41 41 41 41 4 4 4 4 4 8 8 8 8 1 1 1 1 1 1 1 5 5 5 5 5 3 40 40 28 28 28 48 48 14 14 14 14 14 10 10 10 10 5 2 2 2 2 2 2 2 2 2 9 9 9 29 25 25 3 3 3 50 50 50 50 2 2 2 2 
172 6 6 6 1 1 5 5 1 1 5 5 5 5 5 4 4 4 4 2 2 2 2 2 4 4 8 8 23 23 23 10 10 10 3 3 3 3 36 36 2 2 2 3 3 3 3 3 3 1 1 1 1 3 3 3 3 10 10 10 10 3 3 3 3 3 4 4 4 4 4 4 4 4 9 9 9 7 7 7 7 1 1 1 1 1 1 12 12 27 27 27 9 9 9 14 14 14 5 5 5 5 3 3 3 3 3 3 1 1 1 1 1 12 12 12 12 12 2 2 2 2 18 18 26 20 20 1 1 1 41 41 41 41 41 41 4 4 4 4 4 8 8 8 10 1 1 1 1 1 1 1 1 5 5 5 3 3 3 5 5 28 19 48 48 14 14 14 14 14 10 10 10 10 2 2 2 2 2 2 2 2 2 2 9 9 9 25 25 25 25 3 3 50 50 50 16 16 2 2 2 
171 6 6 6 6 6 6 1 1 1 1 5 5 5 4 4 4 4 4 2 2 2 2 8 8 8 8 8 1 1 1 10 10 10 10 14 14 14 36 36 3 3 3 3 3 3 3 3 3 3 1 1 3 3 3 3 3 3 10 10 3 3 3 3 3 3 4 4 4 4 4 4 4 4 4 9 7 7 7 7 1 1 1 1 1 1 1 1 8 27 27 27 23 23 23 14 14 14 14 14 14 3 3 3 3 3 3 1 1 1 1 1 1 1 2 2 2 2 2 2 2 2 2 26 26 26 1 1 1 1 1 41 41 41 8 8 4 4 4 4 4 8 8 10 10 10 1 1 1 1 1 1 1 1 1 3 3 3 3 5 5 19 19 19 1 1 14 14 14 14 9 10 10 2 2 2 2 2 2 2 2 2 2 2 9 9 9 25 25 25 25 1 5 5 50 16 16 16 16 2 2 
170 6 6 6 6 6 6 1 1 1 1 1 5 5 4 4 4 4 4 2 2 2 8 8 8 8 8 8 1 1 1 1 10 10 14 14 14 14 14 3 3 3 3 3 3 3 3 3 3 3 3 3 3 3 3 3 3 3 3 3 3 3 3 3 3 3 3 4 4 4 4 4 4 4 4 7 7 7 7 1 1 1 1 1 1 1 1 8 8 8 27 27 23 23 23 14 14 14 14 14 14 9 9 3 3 1 1 1 1 1 1 1 1 2 2 2 2 2 2 2 2 2 2 26 26 26 26 1 1 1 1 1 8 8 8 8 8 4 4 4 4 3 3 10 10 10 1 1 1 1 1 1 1 1 1 3 3 3 3 5 5 19 19 19 1 1 1 8 8 9 9 9 2 2 2 2 2 2 2 2 2 2 2 2 9 9 38 38 25 1 1 1 5 5 5 16 16 16 4 4 2 
169 6 6 6 6 6 6 1 1 1 1 1 1 49 49 4 4 4 4 4 2 8 8 8 8 8 8 8 1 1 1 1 1 1 14 14 14 14 14 3 3 3 3 3 3 3 3 3 3 3 3 3 3 3 3 3 3 3 3 3 3 3 3 3 3 3 3 4 4 4 4 4 4 4 4 7 7 7 1 1 1 1 1 1 1 1 8 8 8 8 8 2 23 23 4 4 14 14 39 39 9 9 9 9 1 1 1 1 1 1 1 1 2 2 2 2 2 2 2 2 2 2 2 2 26 26 26 1 1 1 1 1 8 8 8 8 8 8 4 4 3 3 3 3 10 10 1 1 1 1 1 1 1 1 1 3 3 3 3 2 2 2 19 19 1 1 1 8 8 9 9 9 4 2 2 2 2 2 2 2 2 2 2 2 2 38 38 38 1 1 1 1 5 5 5 5 32 32 4 4 4 
168 6 6 6 6 6 1 1 1 1 1 1 1 49 49 49 4 4 4 48 48 8 8 8 8 8 8 8 1 1 1 1 1 1 14 14 14 14 14 3 3 3 3 3 3 3 3 3 3 3 3 3 3 3 3 3 3 3 3 3 3 3 3 3 3 3 3 4 4 4 4 4 4 4 7 7 7 7 1 1 1 1 1 1 1 5 8 8 8 8 2 2 2 4 4 4 4 39 39 39 9 9 9 1 1 1 1 1 1 1 1 2 2 2 2 2 2 2 2 2 2 2 2 2 2 25 25 1 1 1 1 1 8 8 8 8 8 6 6 6 3 3 3 3 3 1 1 1 1 1 1 1 1 1 1 1 3 3 2 2 2 2 2 2 1 1 1 8 8 9 9 4 4 4 2 2 2 2 2 2 2 2 2 2 5 38 38 1 1 1 1 1 5 5 5 32 32 32 4 4 4 
167 6 8 8 8 1 1 1 1 1 1 1 1 49 49 49 49 4 48 48 48 48 8 8 8 8 8 5 5 5 1 1 1 3 3 14 14 14 14 3 3 3 3 3 3 3 3 3 3 3 3 3 3 3 3 3 3 3 3 3 3 3 3 3 3 3 3 4 4 4 4 4 4 6 7 7 7 7 1 1 1 1 1 1 5 5 5 8 8 2 2 2 2 4 4 4 4 39 39 39 9 9 1 1 1 1 1 1 1 1 2 2 2 2 2 2 2 2 2 2 2 2 2 2 2 25 25 1 1 1 1 1 8 8 8 8 6 6 6 6 3 3 3 3 3 1 1 1 1 1 1 1 1 1 1 1 1 1 1 2 2 2 2 2 2 1 1 8 8 3 3 4 4 4 2 2 2 2 2 1 1 1 1 1 5 3 3 1 1 1 1 1 10 10 10 32 32 2 2 4 4 
166 1 8 8 1 1 1 1 1 1 1 1 1 49 49 49 49 48 48 48 48 48 30 30 30 30 5 5 5 5 5 3 3 3 3 3 14 14 16 16 3 3 3 3 3 3 3 3 3 3 3 3 1 1 1 3 3 3 3 3 3 3 3 3 3 3 3 4 4 4 4 4 6 6 6 7 7 7 1 1 1 1 37 37 5 5 5 2 2 2 2 2 2 2 4 4 5 5 7 7 9 9 1 1 1 1 3 3 3 2 2 2 2 2 2 2 2 2 2 2 2 2 2 2 2 25 25 4 4 1 1 8 8 8 8 8 6 6 6 6 3 3 3 3 3 3 1 1 1 1 1 1 1 1 1 1 1 1 1 1 2 2 2 2 2 2 12 12 3 3 3 6 6 6 2 2 2 2 1 1 1 1 1 1 1 3 3 3 1 1 1 10 10 10 10 10 2 2 2 2 2 
165 1 1 1 1 1 1 1 1 1 1 1 1 1 49 49 48 48 48 48 48 30 30 30 30 30 5 5 5 5 3 3 3 3 3 3 3 16 16 16 16 3 3 3 3 3 3 3 3 3 3 1 1 1 1 1 3 3 3 3 3 3 3 3 3 3 3 4 4 4 4 6 6 6 6 6 7 7 1 1 1 37 37 37 2 2 2 2 2 2 2 2 2 2 2 5 5 5 7 7 7 19 1 1 3 3 3 3 3 2 2 2 2 2 2 2 2 2 2 2 2 2 2 2 2 25 4 4 4 4 4 8 8 8 8 8 6 6 6 6 2 3 3 3 3 3 1 1 1 1 1 1 13 13 1 1 1 1 1 1 1 2 2 2 2 2 12 12 12 3 6 6 6 6 6 1 1 1 1 1 1 1 1 1 1 3 3 3 3 2 2 10 10 10 10 10 2 2 2 2 2 
164 1 1 1 1 1 1 1 1 1 1 1 1 1 1 27 48 48 48 48 35 30 30 30 30 30 5 5 5 3 3 3 3 3 3 3 3 16 16 16 16 6 6 3 3 3 3 3 3 3 1 1 1 1 1 1 1 3 3 3 3 3 3 3 3 26 26 1 1 1 1 6 6 6 6 6 6 10 10 10 10 37 37 2 2 2 2 2 2 2 2 2 2 2 2 5 5 5 5 7 19 19 19 3 3 3 3 3 3 3 2 2 2 14 14 14 2 2 2 2 2 2 2 2 2 4 4 4 4 4 4 4 8 8 8 8 16 16 2 2 2 2 3 3 3 1 1 1 1 1 1 1 13 13 13 1 1 1 1 1 1 2 2 2 2 2 12 12 12 6 6 6 6 6 6 1 1 1 1 1 1 1 1 1 1 1 3 3 2 2 2 2 10 10 10 10 1 2 2 2 2 
163 1 1 1 1 1 1 1 1 1 1 1 1 1 1 27 6 6 6 35 35 35 30 30 30 18 18 18 3 3 3 3 3 3 3 3 3 16 16 16 16 6 6 6 3 3 3 3 3 3 1 1 1 1 1 1 1 3 3 18 18 2 2 2 26 26 26 1 1 1 1 1 6 6 6 6 10 10 10 10 10 10 2 2 2 2 2 2 1 1 1 1 2 2 2 5 5 5 5 5 19 19 19 3 3 3 3 3 3 3 3 2 14 14 14 14 14 2 2 2 2 15 15 15 15 4 4 4 4 4 4 4 11 8 8 10 16 16 2 2 2 2 3 3 1 1 1 1 1 1 1 1 1 13 13 1 1 1 1 1 1 2 2 2 2 2 12 12 12 6 6 6 6 6 1 1 1 1 1 1 1 1 1 1 1 1 1 2 2 2 2 2 1 1 1 1 1 1 2 2 2 
162 1 1 1 1 1 1 1 1 1 1 1 1 1 1 11 11 6 6 35 35 35 1 1 1 18 18 18 18 3 3 3 3 3 3 3 3 16 16 16 16 6 6 2 2 3 3 3 3 3 1 1 1 1 1 1 1 15 18 18 18 2 2 2 26 26 26 1 1 1 1 1 1 5 5 5 10 10 10 10 10 10 10 2 2 2 2 1 1 1 1 1 1 1 1 5 5 5 5 5 5 19 19 3 3 3 3 3 3 3 3 3 14 14 14 14 14 14 2 2 15 15 15 15 15 5 5 5 4 4 4 11 11 11 10 10 10 1 2 2 2 2 1 1 1 1 1 1 1 1 1 1 1 10 10 10 1 1 1 1 1 34 2 2 2 2 2 12 1 1 6 6 6 1 1 1 1 1 1 1 1 1 1 1 1 1 1 2 2 2 2 2 1 1 1 1 1 1 1 1 1 
161 1 1 1 1 1 1 1 1 1 1 1 1 1 1 11 11 11 6 35 35 1 1 1 1 18 18 18 18 18 3 3 3 3 3 3 3 16 16 16 16 2 2 2 2 2 3 3 3 3 1 1 1 1 1 1 1 18 18 18 10 10 2 2 26 26 1 1 1 1 1 1 1 5 5 5 5 10 10 10 10 10 10 11 2 2 2 1 1 1 1 1 1 1 1 1 5 5 5 5 5 20 20 20 3 3 3 3 3 3 3 3 14 14 14 14 14 14 14 14 15 15 15 15 15 5 5 5 5 4 11 11 11 11 10 10 10 1 1 2 15 15 1 1 1 1 1 1 1 1 1 1 1 10 10 10 10 1 48 48 34 34 34 2 2 2 2 2 1 1 1 1 1 1 1 1 1 1 1 1 1 1 1 1 1 1 1 2 2 2 2 2 1 1 1 1 1 1 1 1 1 
160 1 1 1 1 1 1 1 1 1 1 1 1 1 11 11 11 11 11 35 1 1 1 1 1 1 18 18 18 18 18 3 3 3 3 3 16 16 16 4 4 2 2 2 2 2 2 2 2 2 1 1 1 1 1 1 6 15 18 10 10 10 10 10 15 15 1 1 1 1 1 1 1 5 5 5 5 5 10 10 10 10 11 11 11 2 9 1 1 1 1 1 1 1 1 1 1 5 5 5 20 20 20 20 20 3 3 3 3 3 3 3 4 14 14 14 14 14 14 14 2 15 15 15 5 5 5 5 6 6 11 11 11 11 11 10 10 1 1 15 15 15 15 1 1 1 1 1 1 1 1 1 1 10 10 10 10 10 48 48 34 34 34 34 2 2 2 2 1 1 1 1 1 1 1 1 1 1 1 1 1 1 1 1 1 1 1 2 2 2 2 2 2 1 1 1 1 1 1 1 1 
159 1 1 1 1 1 1 1 1 1 1 1 1 1 1 11 17 17 42 42 1 1 1 1 1 1 1 18 18 18 18 2 2 2 2 2 16 16 4 4 4 4 2 2 2 2 2 2 2 2 2 1 1 1 1 1 6 7 7 10 10 10 10 10 15 15 15 1 1 1 1 1 1 1 5 5 5 5 10 10 14 14 11 11 11 9 9 9 1 1 1 1 1 1 1 1 1 1 1 1 20 20 20 20 20 20 3 28 28 3 3 4 4 4 4 4 14 14 2 2 2 2 15 15 5 5 5 6 6 6 6 11 11 11 11 6 6 1 1 15 15 15 15 1 1 1 1 1 1 1 1 1 1 10 10 10 10 19 19 19 34 34 34 34 34 2 2 2 1 1 1 1 1 1 1 1 1 1 1 1 1 1 1 1 1 1 1 2 2 2 2 2 2 1 1 1 1 1 1 1 1 
158 1 1 1 1 1 1 1 1 1 1 1 1 1 1 17 17 17 42 42 42 1 1 1 1 1 1 1 18 18 18 2 2 2 2 2 2 4 4 4 4 4 4 2 2 2 2 2 2 2 2 1 1 1 1 1 7 7 7 10 10 10 10 10 15 15 15 4 4 4 1 1 1 1 1 1 1 1 14 14 14 14 14 11 11 9 9 9 9 1 1 1 1 1 1 1 1 1 1 1 20 20 20 20 20 20 28 28 28 28 4 4 4 4 4 4 4 2 2 2 2 2 2 45 45 45 45 6 6 6 6 11 11 11 6 6 6 6 1 19 15 15 15 1 1 1 1 1 1 1 1 1 1 1 3 3 3 19 19 19 19 34 34 34 34 2 2 1 1 1 1 1 1 1 1 1 1 1 1 1 1 1 1 1 1 1 1 1 2 2 2 2 2 1 1 1 1 1 1 1 1 
157 1 1 1 1 1 1 1 1 1 1 1 1 1 1 17 17 17 42 42 42 1 1 1 1 1 1 1 1 18 2 2 2 2 2 2 2 4 4 4 4 4 4 2 2 2 2 2 2 2 2 1 1 1 1 1 7 7 7 10 10 10 10 10 15 15 15 4 4 4 4 1 1 1 1 1 1 1 14 14 14 14 2 2 11 9 9 9 9 9 1 1 1 1 1 1 1 1 1 1 20 20 20 20 6 6 28 28 28 28 4 4 4 4 4 4 2 2 2 2 2 2 2 45 45 45 45 45 6 6 11 11 11 11 6 6 6 6 19 19 19 15 1 1 1 1 1 1 1 1 1 1 1 1 3 3 3 3 19 19 3 3 34 34 34 8 8 1 1 1 1 1 1 1 1 1 1 1 1 1 1 1 1 1 1 1 1 1 1 2 2 2 3 3 3 3 3 3 3 3 1 
156 1 1 1 1 1 1 1 1 1 1 1 1 2 2 2 4 4 4 42 42 1 1 1 1 1 1 1 1 1 2 2 2 2 2 2 2 4 4 4 4 4 4 2 2 2 2 2 2 2 2 1 1 1 1 1 7 7 7 10 10 10 10 10 15 15 15 4 4 4 4 1 1 1 1 1 1 1 14 14 14 2 2 2 2 9 9 9 9 9 1 1 1 1 1 1 1 1 1 1 1 20 6 6 6 6 6 1 1 1 4 4 4 4 4 2 2 2 2 2 2 2 2 45 45 45 45 45 11 11 11 11 11 11 6 6 6 6 19 19 19 1 1 1 1 1 1 1 1 1 1 1 1 3 3 3 3 3 5 3 3 3 3 16 16 8 8 1 1 1 1 1 1 1 1 1 1 5 5 1 1 1 1 1 1 1 1 1 1 3 3 3 3 3 3 3 3 3 3 3 3 
155 1 1 1 1 1 1 1 1 1 1 1 1 2 2 2 4 4 4 12 12 1 1 1 1 1 1 1 1 1 2 2 2 2 2 2 2 4 4 4 1 1 1 2 2 2 2 2 2 2 2 2 1 1 1 1 1 7 7 3 3 3 3 3 48 48 48 48 4 4 4 1 1 1 1 1 1 1 1 14 6 2 2 2 9 9 9 9 6 6 1 1 1 1 1 1 1 1 1 1 2 2 6 6 6 6 6 1 1 1 13 4 4 4 2 2 2 2 2 2 2 2 2 2 45 45 45 29 29 11 11 11 11 11 6 6 6 6 19 19 1 1 1 1 1 1 1 1 1 1 14 14 14 3 3 3 3 5 5 5 3 3 16 16 16 16 1 1 1 1 1 1 1 1 1 1 5 5 5 5 1 7 7 1 1 1 1 1 26 3 3 3 3 3 3 3 3 3 3 3 3 
154 1 1 1 1 1 1 1 1 1 1 1 2 2 2 2 2 4 12 12 12 12 1 1 1 1 1 1 1 1 2 2 2 2 2 2 2 4 4 1 1 1 1 1 2 2 2 2 2 2 2 2 2 1 1 1 3 3 3 3 3 3 3 3 48 48 48 48 20 20 20 1 1 1 1 1 1 1 1 6 6 6 2 9 9 9 9 6 6 6 6 1 1 1 1 1 1 1 1 1 2 2 6 6 6 13 13 13 13 13 13 13 13 2 2 2 2 2 2 2 2 2 2 2 2 1 1 29 29 29 11 11 11 11 48 48 1 1 1 1 1 1 1 1 1 1 1 1 1 14 14 14 14 5 5 5 5 5 5 5 5 16 16 16 16 16 1 1 1 1 1 1 1 1 1 1 5 5 5 5 7 7 7 7 6 6 6 26 26 26 3 3 3 3 3 3 3 3 3 3 3 
153 1 1 1 1 9 9 1 1 1 1 2 2 2 2 2 2 2 12 12 12 12 9 9 1 1 1 1 1 1 2 2 2 2 2 2 2 4 4 1 1 1 1 1 2 2 2 2 2 2 2 2 2 2 1 3 3 3 3 3 3 3 3 3 48 48 48 48 20 20 20 20 1 1 1 1 1 1 1 6 6 6 6 9 9 9 9 6 6 6 6 6 1 1 1 1 1 1 1 1 2 2 13 13 13 13 13 13 13 13 13 13 13 13 2 2 2 2 2 2 2 2 2 2 2 1 1 4 29 29 4 4 4 4 48 48 1 1 1 1 1 1 1 1 1 1 1 1 1 14 14 14 5 5 5 5 5 5 5 5 5 16 16 16 16 16 1 1 1 1 1 1 1 1 1 1 5 5 5 5 7 7 7 6 6 6 6 26 26 26 26 3 3 3 3 3 3 3 3 3 3 
152 1 1 1 9 9 9 9 1 5 5 2 2 2 2 2 2 2 12 12 12 12 9 9 9 1 1 1 1 1 2 2 2 2 2 2 2 2 4 1 1 1 1 1 1 2 2 2 2 2 2 2 2 2 3 3 3 3 3 3 3 3 3 3 48 48 48 48 20 20 20 20 1 1 1 1 1 1 1 6 6 6 6 9 9 9 9 6 6 6 6 6 1 1 1 1 1 1 1 7 7 7 13 13 13 13 13 13 13 13 13 13 13 13 2 2 2 2 2 2 2 2 2 35 35 4 4 4 4 4 4 4 4 4 4 1 1 1 1 1 1 1 1 1 1 1 1 1 1 14 14 14 5 5 5 5 5 5 5 5 5 16 16 16 16 1 1 1 1 1 1 1 1 1 1 1 5 5 5 5 7 7 7 6 6 6 6 26 26 26 26 26 3 3 3 3 3 3 3 3 3 
151 13 13 13 9 9 9 9 5 5 5 5 2 2 2 2 2 3 3 12 12 12 9 9 9 1 1 1 1 2 2 2 2 2 2 2 2 2 2 1 1 1 1 1 1 2 2 2 2 2 2 2 2 2 3 3 3 3 3 3 3 3 1 1 1 48 48 48 20 20 20 20 1 1 1 1 1 1 1 6 6 2 2 2 2 2 2 6 6 6 6 1 1 1 1 1 1 7 7 7 7 7 13 13 13 13 11 11 13 13 13 13 13 26 26 2 2 2 2 2 2 2 35 35 35 4 4 4 4 4 4 4 4 4 4 1 1 1 1 1 1 1 1 1 1 1 1 1 1 1 14 14 31 31 5 5 5 5 5 8 8 8 16 16 1 1 1 1 1 1 1 1 1 1 1 1 1 5 5 5 7 7 7 7 6 6 1 1 26 26 26 26 3 3 2 2 3 3 3 3 3 
150 13 13 13 13 9 9 9 5 5 5 5 3 3 3 3 3 3 3 3 3 12 46 46 1 1 1 1 2 2 2 2 2 2 2 2 2 2 2 2 1 1 1 1 1 11 11 11 2 2 2 2 2 2 3 3 3 3 3 3 3 1 1 1 1 1 9 9 9 20 20 20 1 1 1 1 1 1 1 2 2 2 2 2 2 2 2 1 1 1 1 1 1 1 1 7 7 7 7 7 7 7 4 4 4 11 11 11 11 10 10 10 26 26 26 26 26 2 2 2 2 35 35 35 35 5 4 4 4 4 4 4 4 4 1 1 1 1 1 1 1 1 1 1 1 1 1 1 1 7 7 7 31 31 31 5 5 5 8 8 8 8 8 1 1 1 1 1 1 1 1 1 1 1 1 1 1 1 1 1 7 7 7 7 1 1 1 1 1 10 10 10 3 2 2 2 2 2 2 2 2 
149 13 13 13 13 4 4 4 5 5 5 3 3 3 3 3 3 3 3 3 3 3 46 46 1 1 1 2 2 2 2 2 2 2 2 2 2 2 2 2 2 2 1 1 11 11 11 11 11 2 2 2 2 2 2 3 3 3 3 3 1 1 1 1 1 1 9 9 9 9 20 20 20 1 2 2 1 1 10 2 2 2 2 2 2 2 1 1 1 1 1 1 1 1 7 7 7 7 7 7 6 6 6 4 4 5 11 11 10 10 10 10 26 26 26 26 26 26 1 1 1 35 35 35 5 5 5 4 4 4 4 4 4 1 1 1 1 1 1 1 1 1 1 1 1 1 1 1 7 7 7 7 31 31 31 24 24 8 8 8 8 8 8 1 1 1 1 1 1 1 1 1 1 1 1 1 1 1 1 1 1 15 15 1 1 1 1 1 1 10 10 10 4 4 2 2 2 2 2 2 2 
148 13 13 13 4 4 4 4 5 5 3 3 3 3 3 3 3 3 3 3 3 3 3 13 13 13 13 2 2 2 2 2 2 2 2 2 2 2 2 2 2 2 2 11 11 11 11 11 4 2 2 2 2 2 2 2 3 3 3 3 1 1 1 1 7 7 7 9 9 9 20 20 32 2 2 2 2 10 10 10 2 2 2 2 2 1 1 1 1 1 1 1 1 7 7 7 7 7 7 6 6 6 6 6 5 5 5 10 10 10 10 10 26 26 26 26 26 26 1 1 1 1 35 35 5 5 5 5 4 4 4 1 1 1 1 1 1 1 1 1 1 1 1 1 1 1 1 7 7 7 7 7 31 31 24 24 24 8 8 8 8 8 8 2 1 1 1 1 1 1 1 1 1 1 1 1 1 1 1 1 15 15 15 15 1 1 1 1 1 10 10 10 4 4 4 2 2 2 2 2 2 
147 1 1 1 1 4 4 41 41 41 3 3 3 3 3 3 3 3 3 3 3 3 3 13 13 13 13 5 5 5 2 2 2 2 2 2 2 2 2 2 2 2 2 11 11 11 11 4 4 4 2 2 2 2 2 2 2 2 2 36 36 36 36 7 7 7 7 7 7 7 7 32 32 32 2 2 4 10 10 10 10 2 35 35 35 1 1 1 1 1 1 1 7 7 7 7 7 1 1 6 6 6 6 6 5 5 5 26 10 10 10 10 26 26 26 26 26 4 1 1 1 1 1 49 49 5 5 5 5 4 1 1 1 1 1 1 1 1 1 1 1 1 1 1 1 23 23 7 7 7 7 7 1 24 24 24 24 8 8 8 8 8 2 2 2 1 1 1 1 1 1 1 1 1 1 1 1 1 1 1 15 15 15 15 1 1 1 1 1 10 10 4 4 4 4 4 2 2 2 2 2 
146 1 1 1 1 1 41 41 41 41 41 2 2 3 3 3 3 3 3 3 3 3 3 13 13 13 13 5 5 5 5 2 2 2 2 2 2 2 2 2 2 2 2 11 11 11 4 4 4 4 2 2 2 2 2 2 2 2 2 36 36 36 36 7 7 7 7 7 7 7 7 32 32 32 4 4 4 4 10 10 10 35 35 35 35 1 1 1 1 1 1 15 7 7 7 1 1 1 1 1 6 6 6 6 6 5 26 26 26 26 3 3 3 26 26 26 4 4 4 1 1 1 1 49 49 49 5 5 5 1 1 1 1 1 1 1 1 1 1 2 2 2 2 2 23 23 23 23 7 7 7 1 1 24 24 24 24 8 8 8 8 2 2 2 2 35 1 1 1 1 1 1 1 1 1 1 1 1 1 1 1 15 15 3 3 1 1 6 6 10 10 4 4 4 4 4 4 4 4 4 2 
145 1 1 1 1 1 41 41 41 41 41 2 2 2 3 3 3 3 3 3 3 3 3 13 13 13 5 5 5 5 5 2 2 2 2 2 2 2 2 2 2 2 5 5 4 4 4 4 4 4 2 2 2 2 2 2 2 2 2 2 36 36 36 36 7 7 7 7 7 7 7 4 4 4 4 4 4 3 3 10 10 35 35 35 35 1 1 1 1 1 15 15 15 7 1 1 1 1 1 1 1 6 6 6 6 2 26 26 26 26 3 3 3 3 26 26 4 4 4 1 1 1 1 49 49 49 2 2 2 1 1 1 1 1 1 1 1 1 2 2 2 2 2 2 23 23 23 23 1 1 1 1 1 1 24 24 24 24 8 8 8 2 2 2 35 35 35 1 1 1 1 1 1 1 1 1 1 1 1 1 1 1 3 3 3 3 6 6 6 2 2 4 4 4 4 4 4 4 4 4 4 
144 1 1 1 1 4 4 30 30 30 30 2 2 2 3 3 3 3 3 3 3 3 3 3 13 5 5 5 5 5 5 2 2 2 2 2 2 2 2 2 2 5 5 5 4 4 4 4 4 4 4 2 2 2 2 2 2 2 2 2 2 36 36 36 7 7 7 7 7 7 4 4 4 4 4 4 3 3 3 3 6 6 2 2 2 2 2 2 2 2 15 15 15 15 1 1 1 1 1 1 1 1 6 6 2 2 2 26 26 26 3 3 3 3 3 3 4 4 4 6 6 6 6 6 6 6 2 2 2 2 1 1 1 1 1 1 1 2 2 2 2 2 2 2 2 23 23 1 1 1 1 1 1 1 1 24 24 24 1 1 1 2 2 35 35 35 35 35 1 8 8 8 1 1 1 1 1 1 1 1 1 3 3 3 3 3 6 6 6 2 2 4 4 4 4 4 4 4 4 4 4 
143 1 1 1 4 4 4 30 30 30 30 34 34 34 3 3 3 3 3 3 3 3 3 3 5 5 5 5 5 5 5 3 3 2 2 2 2 2 2 6 6 5 5 3 3 4 4 4 4 4 4 1 1 1 2 2 2 2 2 2 2 2 36 36 7 7 7 7 7 7 4 4 4 4 4 3 3 3 3 6 6 6 2 2 2 2 2 2 2 2 15 15 15 15 5 1 1 1 1 1 1 18 18 2 2 2 2 2 7 7 3 3 3 3 3 3 3 4 6 6 6 6 6 6 6 6 2 2 2 2 2 1 1 1 1 2 2 2 2 2 2 2 2 2 2 2 19 19 1 1 1 1 1 1 1 1 1 1 1 1 1 1 35 35 35 35 35 35 8 8 8 8 8 1 1 1 1 1 1 1 3 3 3 3 3 5 5 6 2 2 2 4 4 4 4 4 4 4 4 4 4 
142 1 37 37 4 4 4 4 30 30 34 34 34 34 5 5 3 3 3 3 3 3 3 3 5 5 5 5 5 5 5 3 3 3 2 2 2 2 6 6 6 6 3 3 3 3 4 4 4 4 4 1 1 1 1 2 2 2 2 2 2 2 2 34 34 7 7 7 7 7 4 4 4 4 5 5 3 3 6 6 6 6 2 2 2 2 2 2 2 2 15 15 15 5 5 5 1 1 1 1 18 18 18 2 2 2 2 2 7 7 7 3 3 3 3 3 3 6 6 6 6 6 6 6 6 2 2 2 2 2 2 2 2 2 2 2 2 2 2 2 2 2 2 2 2 2 19 19 47 47 1 1 1 1 1 1 1 1 1 1 1 1 35 35 35 35 35 35 8 8 8 8 8 1 1 1 1 2 2 2 3 3 3 3 5 5 5 2 2 2 2 1 1 1 1 1 1 1 1 1 1 
141 37 37 37 4 4 4 4 4 4 34 34 34 5 5 5 5 3 3 3 3 3 3 3 5 5 5 5 5 5 9 3 3 3 50 50 50 6 6 6 6 6 3 3 3 3 3 4 4 4 4 1 1 1 1 1 2 2 2 2 2 2 2 34 34 34 10 10 10 49 49 4 4 5 5 5 5 6 6 6 6 6 2 2 2 2 2 2 2 2 1 1 1 1 5 5 1 11 11 11 18 18 18 2 2 2 2 2 7 7 7 3 3 3 3 3 3 6 6 6 6 6 6 6 2 2 2 2 2 2 2 2 2 2 2 2 2 2 2 2 2 2 2 2 2 2 5 47 47 47 47 1 1 1 1 1 1 1 1 1 1 1 1 35 35 35 35 7 7 8 8 8 8 19 19 19 2 2 2 2 2 3 3 22 5 5 5 2 2 2 2 1 1 1 1 1 1 1 1 1 1 
140 37 37 37 37 4 4 4 4 4 4 34 34 5 5 5 5 3 3 3 3 3 3 3 3 5 5 15 15 9 9 9 3 27 50 50 16 16 6 6 6 3 3 3 3 3 3 4 4 4 4 4 1 1 1 1 2 2 2 2 2 2 2 34 34 10 10 10 10 49 49 26 26 5 5 5 4 6 6 6 6 6 7 7 2 2 2 2 2 1 1 1 1 1 1 1 11 11 11 11 11 15 15 2 2 2 2 2 7 7 4 3 3 3 3 3 3 2 2 2 6 6 6 6 2 2 2 2 2 2 2 2 2 2 2 2 2 2 2 2 2 2 2 2 2 5 5 47 47 47 13 1 1 1 1 1 1 1 1 1 1 1 1 1 8 8 8 7 7 7 8 8 19 19 19 19 19 2 2 2 2 2 22 22 22 5 5 2 2 2 2 1 1 1 1 1 1 1 1 1 1 
139 37 37 37 37 8 8 8 4 4 2 2 2 2 5 5 5 3 3 3 3 3 3 3 3 3 15 15 15 15 9 9 27 27 27 16 16 16 16 6 6 3 3 3 3 3 3 19 4 4 4 4 10 10 10 19 19 2 2 2 6 6 16 16 10 10 10 10 10 10 49 26 26 4 4 4 4 4 6 6 6 7 7 7 7 1 1 1 1 1 1 1 1 1 1 1 11 11 11 33 33 15 15 15 2 2 10 10 4 4 4 4 3 3 3 3 3 2 2 2 2 6 6 1 2 2 2 2 2 2 2 2 2 2 2 2 2 2 2 2 2 2 2 2 5 5 5 47 47 13 13 13 1 1 1 1 1 1 1 1 1 1 1 1 8 8 8 8 7 7 19 19 19 19 19 19 19 2 2 2 2 2 22 22 22 7 2 2 2 2 2 9 9 9 1 1 1 1 5 5 5 
138 10 10 10 10 8 8 8 8 2 2 2 2 2 2 5 5 3 3 3 5 5 3 3 3 3 15 15 15 15 15 9 27 27 16 16 16 16 16 16 3 3 3 3 8 8 19 19 19 2 2 2 10 10 10 19 19 33 33 6 6 6 16 16 16 10 10 10 10 10 10 11 11 11 4 4 4 3 3 3 3 7 7 7 7 1 1 1 1 1 1 1 1 1 1 9 9 9 33 33 33 33 15 3 3 10 10 10 4 4 4 1 1 3 3 3 3 3 2 2 2 2 1 1 1 2 2 2 2 2 2 2 2 2 2 2 2 2 2 2 2 2 39 39 5 5 1 1 13 13 13 13 13 1 1 1 1 1 1 2 2 2 2 2 2 8 8 8 8 19 19 19 19 19 19 19 19 1 2 2 20 20 20 7 7 7 7 2 2 7 7 9 9 9 9 2 2 5 5 5 5 
137 10 10 10 10 8 8 8 8 2 2 2 2 2 2 2 2 2 2 5 5 5 5 3 3 3 15 15 15 15 15 15 5 5 5 16 16 16 16 16 3 3 3 8 8 8 19 19 19 2 2 12 12 12 12 18 18 33 33 6 6 6 16 16 16 16 10 10 10 10 10 11 11 11 11 3 3 3 3 3 3 7 7 7 7 1 1 1 1 1 1 1 1 1 9 9 9 9 33 33 33 33 3 3 3 10 10 10 10 4 1 1 1 1 3 3 3 3 3 2 2 47 1 1 1 1 2 2 2 2 2 2 2 2 2 2 2 2 2 2 2 39 39 39 39 1 1 1 13 13 13 13 13 13 1 1 1 2 2 2 2 2 2 2 2 2 8 8 8 1 19 19 1 1 1 1 1 1 1 20 20 20 20 7 7 7 7 7 7 7 7 7 9 9 2 2 2 5 5 5 5 
136 10 10 10 10 8 8 8 8 2 2 2 2 2 2 2 2 2 2 5 5 5 5 5 3 3 15 15 15 15 15 5 5 5 5 5 16 40 40 40 40 3 7 8 8 8 8 19 19 12 12 12 12 12 12 18 18 33 33 6 6 6 16 16 16 3 3 3 10 10 10 11 11 11 11 3 3 3 3 3 3 7 7 7 7 1 1 1 1 3 3 3 3 3 9 9 9 9 33 33 33 33 3 3 3 10 10 10 10 14 1 1 1 1 3 3 3 3 3 3 47 47 47 1 1 1 1 2 2 2 2 2 2 2 2 2 2 2 2 2 39 39 39 39 39 1 1 1 1 13 13 13 13 13 13 1 2 2 2 2 2 2 2 2 2 2 2 8 1 1 1 1 1 1 1 1 1 1 1 20 20 20 20 7 7 7 7 7 7 7 7 7 2 2 2 2 2 2 5 5 5 
135 10 10 10 10 8 8 8 8 2 2 2 2 2 2 2 2 2 2 2 5 5 5 9 9 47 47 15 15 16 16 5 5 5 5 5 40 40 40 40 40 7 7 7 8 8 8 8 19 12 12 12 12 12 12 18 18 33 33 6 6 6 16 16 3 3 3 3 3 10 42 11 11 11 11 3 3 3 3 3 7 7 7 7 9 9 9 9 3 3 3 3 3 3 3 9 9 9 33 33 33 33 6 6 6 6 10 14 14 14 14 1 1 1 2 3 3 3 3 47 47 47 47 47 1 1 1 2 2 2 2 2 2 2 2 2 2 2 36 36 39 39 39 39 1 1 1 1 1 1 13 13 13 13 13 2 2 2 2 2 2 2 2 2 2 2 7 7 1 1 1 1 1 1 1 1 1 1 1 2 2 2 47 47 7 7 10 10 10 7 7 2 2 2 2 2 2 2 5 5 5 
134 5 5 5 5 8 8 8 8 2 2 2 2 2 2 2 2 2 2 2 23 23 9 9 9 47 47 47 16 16 16 16 5 5 5 5 40 40 40 40 40 7 7 7 7 8 8 8 8 12 12 12 12 12 2 2 2 33 33 9 9 9 9 3 3 3 3 3 3 42 42 42 13 13 13 29 29 29 29 7 7 7 7 9 9 9 9 9 9 3 3 3 3 3 3 3 27 27 33 33 33 33 6 6 6 6 14 14 14 14 14 10 10 2 2 2 2 2 2 47 47 47 47 47 1 1 2 2 2 2 2 2 2 2 2 2 2 2 36 36 4 39 39 1 1 1 1 1 1 1 1 10 10 10 10 2 2 2 2 2 2 2 2 2 7 7 7 7 1 1 1 1 1 1 1 1 1 1 2 2 2 2 47 47 47 10 10 10 10 10 2 2 2 2 2 2 2 2 6 6 5 
133 5 5 5 5 8 8 8 2 2 2 2 2 2 2 2 2 2 2 23 23 23 23 9 47 47 47 47 47 16 16 1 1 5 5 5 40 40 40 40 40 7 7 7 7 8 8 8 8 6 12 12 12 2 2 2 2 2 9 9 9 9 9 3 3 3 3 3 3 42 42 13 13 13 13 29 29 29 29 7 7 7 3 9 9 9 9 9 9 23 23 1 1 3 3 27 27 27 27 30 30 30 30 6 6 6 14 14 14 4 4 10 10 10 2 2 2 2 2 47 47 47 47 47 2 2 2 2 2 2 2 2 2 2 2 2 2 2 4 4 4 4 1 1 1 1 1 1 1 1 1 10 10 10 10 5 5 2 2 2 2 2 2 7 7 7 7 7 6 6 6 1 1 1 1 1 1 2 2 2 2 2 5 47 47 10 10 10 10 10 10 2 2 2 2 2 2 6 6 6 6 
132 17 17 5 5 8 8 8 2 2 2 2 2 2 2 2 2 2 23 23 23 23 23 23 47 47 47 47 47 47 1 1 1 1 5 5 40 40 40 40 40 7 7 7 7 8 8 8 6 6 6 2 2 2 2 2 2 2 9 9 9 9 9 9 3 3 3 3 3 1 1 13 13 13 13 13 29 29 29 3 3 3 3 3 9 9 9 9 23 23 23 1 1 1 1 27 27 27 27 30 30 30 30 7 7 7 7 14 4 4 4 10 10 10 2 2 2 2 2 3 47 47 47 47 2 2 2 2 2 2 2 2 2 2 2 2 2 6 4 4 4 4 1 1 1 1 1 1 1 1 1 10 10 10 10 5 5 5 2 2 2 4 4 7 7 7 7 7 6 6 6 6 1 1 1 1 6 2 2 15 15 5 5 5 43 43 43 10 10 10 10 43 43 2 2 2 6 6 6 6 6 
131 17 17 39 39 14 14 14 14 2 2 2 2 2 2 2 2 35 23 23 23 23 23 23 2 47 47 47 47 47 47 1 1 1 1 2 2 2 2 2 2 2 2 2 2 8 8 6 6 6 6 2 2 2 2 2 2 2 2 9 9 9 9 9 9 3 3 3 1 1 1 1 13 13 13 13 1 1 1 1 3 3 3 3 1 1 7 7 23 23 1 1 1 1 1 1 6 6 28 28 28 30 30 7 7 7 7 3 3 4 4 46 46 46 2 2 7 7 3 3 3 3 3 3 2 2 2 2 2 2 2 2 2 2 2 2 2 6 6 4 4 1 1 1 1 1 1 1 1 1 1 10 10 10 5 5 5 5 5 5 4 4 4 4 7 7 7 7 6 6 6 6 4 4 4 6 6 6 15 15 15 15 5 5 43 43 43 43 10 10 43 43 43 43 2 6 6 6 6 6 6 
130 17 39 39 39 14 14 14 14 14 2 1 1 1 1 1 35 35 35 23 23 23 23 2 2 2 47 47 47 47 47 1 1 1 1 2 2 2 2 2 2 2 2 2 2 2 6 6 6 6 6 6 2 2 2 2 2 2 2 2 4 4 9 9 9 9 3 1 1 1 1 1 1 13 13 1 1 1 1 1 1 3 3 1 1 1 7 7 1 1 1 1 1 1 1 1 6 6 28 28 28 28 7 7 7 7 3 3 3 3 3 46 46 46 7 7 7 7 3 3 3 3 3 3 2 2 2 2 2 2 2 2 2 2 2 2 6 6 2 2 2 1 1 1 1 1 1 1 1 1 1 1 10 5 5 5 5 5 5 5 5 4 4 4 7 7 7 7 13 13 13 13 4 4 4 6 6 6 15 15 15 15 5 5 43 43 43 9 9 9 43 43 43 4 4 6 6 6 6 6 6 
129 39 39 39 36 36 36 14 14 14 1 1 1 1 1 1 35 35 2 2 2 2 2 2 2 2 2 47 47 47 1 1 1 1 1 2 2 2 2 2 2 2 2 2 2 2 6 6 6 6 6 6 6 2 2 2 2 2 2 4 4 4 4 9 9 9 9 1 1 1 1 1 1 1 1 1 1 1 1 1 1 1 1 1 1 1 7 7 1 1 1 1 1 1 1 1 1 6 2 28 28 28 43 7 7 4 4 3 3 3 27 27 44 44 7 7 7 7 3 3 3 3 3 3 2 2 2 2 2 2 2 2 2 2 2 5 5 2 2 2 2 1 1 1 1 1 1 1 1 1 1 1 1 5 5 5 5 5 5 5 5 5 4 4 42 42 42 42 13 13 13 13 4 4 14 6 6 6 15 15 15 15 6 6 2 2 2 9 9 9 43 43 4 4 4 4 6 6 6 6 6 
128 16 16 36 36 36 36 36 14 14 17 1 1 1 1 1 2 2 2 2 2 2 2 2 2 2 2 2 1 1 1 1 1 1 1 2 2 2 2 2 2 2 2 2 2 2 6 6 6 6 6 6 6 6 6 6 6 6 4 4 4 4 4 4 9 9 9 9 1 1 1 1 1 1 1 1 1 1 1 1 1 1 1 1 1 1 45 45 1 1 1 1 1 1 1 1 1 2 2 2 28 43 43 43 4 4 4 4 3 27 27 27 44 44 7 7 7 7 2 3 3 3 3 2 2 2 2 2 2 2 2 2 2 2 5 5 5 2 2 2 2 2 1 1 1 1 1 1 1 1 1 1 1 1 5 5 5 5 5 5 5 5 5 42 42 42 42 3 13 13 13 20 20 14 14 14 6 6 15 15 15 6 6 6 2 2 2 2 9 9 1 1 4 4 4 4 4 6 6 6 6 
127 9 9 9 36 36 36 36 2 17 17 17 1 1 1 2 2 2 2 2 2 2 2 2 2 2 2 2 1 1 1 1 1 1 1 1 2 2 2 2 1 1 1 1 1 1 6 6 6 6 6 6 6 6 6 6 6 6 4 4 4 4 4 4 3 9 9 7 7 1 1 1 1 1 37 37 1 1 1 1 1 1 1 10 10 10 45 45 45 1 1 1 1 1 1 1 2 2 2 2 2 43 43 43 4 4 4 4 4 27 27 27 44 44 2 2 2 2 2 2 2 2 2 2 2 2 2 2 2 2 2 2 2 2 5 5 5 2 2 2 2 2 2 5 5 5 5 1 1 1 1 1 1 6 6 6 6 5 5 5 5 5 5 42 42 42 3 3 3 13 20 20 20 20 14 14 10 10 10 10 3 3 6 2 2 2 2 2 1 1 1 1 4 4 4 4 16 16 16 1 1 
126 9 9 9 9 9 9 2 2 17 17 17 17 1 2 2 2 2 2 2 2 2 2 2 2 2 2 2 1 1 1 1 1 1 1 1 1 1 1 1 1 1 1 1 1 1 1 3 3 6 6 6 6 6 6 6 6 6 4 4 4 4 4 3 3 3 3 7 7 6 6 6 6 37 37 37 37 1 1 1 1 1 10 10 10 10 45 45 45 3 3 3 1 1 1 2 2 2 2 2 2 2 43 43 4 4 4 4 4 2 2 2 2 2 2 2 2 2 2 2 2 2 2 2 2 2 2 2 2 2 2 2 2 2 5 5 5 2 2 2 2 2 5 5 5 5 5 5 1 1 1 1 6 6 6 6 6 6 5 5 5 5 5 5 42 3 3 3 3 3 20 20 20 20 5 5 10 10 10 10 3 3 2 2 2 2 2 2 1 1 1 1 4 4 4 16 16 16 1 1 1 
125 9 9 9 9 9 9 2 2 1 17 17 17 17 2 2 2 2 2 2 2 2 2 2 2 2 2 2 1 1 1 1 1 1 1 1 1 1 1 1 1 1 1 1 1 1 1 3 3 3 6 6 6 6 6 6 6 6 4 4 4 4 3 3 3 3 3 3 7 6 6 6 6 37 37 37 37 1 1 1 7 7 10 10 10 10 10 45 45 3 3 3 3 1 26 2 2 2 2 2 2 2 2 3 3 4 4 4 2 2 2 2 2 2 2 2 2 2 2 2 2 2 2 2 2 2 2 2 2 2 2 2 2 2 5 5 5 2 2 2 14 14 5 5 5 5 5 5 5 1 30 30 6 6 6 6 6 1 5 5 5 5 5 5 2 3 3 3 3 3 20 20 20 5 5 5 10 10 10 10 2 2 2 2 2 2 2 2 2 1 1 1 2 2 2 16 16 1 1 1 1 
124 30 30 9 9 9 1 1 1 1 1 17 17 8 8 2 2 2 2 2 2 2 2 2 2 2 2 1 1 1 1 1 1 1 1 1 1 1 1 1 1 1 1 1 1 1 1 3 3 3 3 6 6 6 6 6 6 6 4 4 4 4 3 3 3 3 3 3 17 6 6 6 6 37 37 37 4 4 1 7 7 7 10 10 10 10 10 4 3 3 3 3 3 26 26 26 2 2 2 2 2 2 2 3 3 3 4 4 2 2 2 2 2 2 2 2 2 2 2 2 2 2 2 2 2 2 2 2 2 2 1 1 1 1 5 5 5 5 2 14 14 14 5 5 5 5 5 5 5 30 30 30 5 5 1 1 1 1 1 5 5 5 5 2 2 2 3 3 3 3 34 34 34 5 5 5 10 10 10 2 2 2 2 2 2 2 2 2 2 2 2 2 2 2 2 2 16 1 1 1 1 
123 30 30 1 1 1 1 1 1 1 1 1 8 8 8 7 7 2 2 2 2 2 2 2 2 2 1 1 1 1 1 1 1 1 1 1 1 1 1 1 1 1 1 1 1 1 1 1 3 3 1 1 6 6 6 6 6 2 2 4 4 1 3 3 3 3 3 17 17 17 6 6 6 4 4 4 4 4 4 7 7 7 8 8 8 8 8 4 4 3 3 3 3 26 26 26 2 2 2 2 2 2 2 3 3 3 4 4 2 2 2 2 2 2 2 2 7 7 2 2 5 5 2 2 2 2 2 2 2 1 1 1 1 1 1 5 5 5 5 14 14 14 5 5 5 5 5 2 2 30 30 5 5 5 1 1 1 1 1 5 5 5 2 2 2 2 2 3 3 34 34 34 34 3 3 3 3 3 2 2 2 2 2 2 2 2 2 2 2 2 2 2 2 2 2 2 2 29 29 29 29 
122 1 1 1 1 1 1 1 1 1 1 1 8 8 8 7 7 7 2 4 4 4 1 1 1 1 1 1 1 2 2 2 1 1 1 1 1 1 1 1 1 1 1 1 1 1 1 1 1 1 1 1 1 6 6 6 2 2 2 2 1 1 1 3 3 19 19 17 17 17 4 4 4 4 4 4 4 4 4 4 7 8 8 8 8 8 8 4 4 4 3 3 3 30 30 30 2 2 2 2 2 2 2 2 3 4 4 4 4 2 2 2 2 2 2 7 7 7 7 5 5 5 5 2 2 2 2 2 2 1 1 1 1 1 1 1 5 5 5 14 14 13 13 13 2 2 2 2 2 2 5 5 5 1 1 1 1 1 1 1 5 2 2 2 2 2 2 2 34 34 34 34 34 3 3 3 3 3 2 2 2 2 2 2 2 2 2 2 2 2 2 2 2 2 2 2 2 29 29 29 29 
121 1 1 1 1 1 1 1 1 1 1 1 8 8 8 7 7 21 4 4 4 4 1 1 1 5 5 5 2 2 2 2 2 1 1 1 1 1 1 1 1 1 1 1 1 1 1 1 1 1 1 1 1 6 6 6 2 2 2 1 1 1 1 1 19 19 19 19 17 4 4 4 4 4 4 4 4 4 4 2 2 8 8 8 8 8 8 4 4 4 4 4 4 30 30 30 2 2 2 2 2 2 2 2 4 4 4 4 4 4 4 2 2 5 5 7 7 7 7 7 5 5 5 5 2 2 2 2 2 1 1 1 1 1 1 1 1 5 5 2 2 13 13 13 2 2 2 2 2 2 5 5 5 1 1 1 1 1 1 1 1 2 2 2 2 2 2 9 9 34 34 34 34 3 3 3 3 3 2 2 2 2 2 2 2 2 2 2 2 2 2 2 2 2 2 2 2 29 29 29 29 
120 1 1 1 1 1 1 1 1 1 1 1 1 8 26 26 21 21 21 4 4 4 1 1 5 5 5 5 2 2 2 2 2 1 1 1 1 1 1 1 1 1 1 1 1 1 1 1 1 1 1 1 1 1 6 6 1 1 1 1 1 1 1 1 19 19 19 19 4 4 4 4 4 4 4 4 6 6 2 2 2 8 8 8 8 8 8 4 4 4 4 4 4 4 30 2 2 2 2 2 2 2 2 2 4 4 4 4 4 4 4 4 5 5 5 5 7 7 7 7 5 5 5 1 1 2 2 2 2 1 1 1 1 1 1 1 1 1 2 2 2 13 13 13 2 2 2 2 2 2 5 5 1 1 1 1 1 1 1 1 1 1 2 2 2 2 9 9 9 9 34 34 3 3 3 3 3 3 2 2 2 2 2 2 2 2 2 2 2 2 2 2 2 2 2 2 2 29 29 29 29 
119 1 1 1 1 1 1 1 1 1 1 1 1 26 26 26 21 21 21 21 21 5 5 5 5 5 5 5 2 2 2 2 2 2 1 1 1 1 1 1 1 1 1 1 1 1 1 1 1 1 1 1 1 1 1 1 1 1 1 1 1 1 1 1 19 19 19 4 4 4 4 4 4 4 4 6 6 6 2 2 2 8 8 8 8 8 8 8 4 4 4 4 4 4 2 2 2 2 2 2 2 2 2 2 4 4 4 4 4 4 4 4 5 5 5 5 5 26 26 11 11 11 1 1 1 1 2 2 2 1 1 1 5 5 1 1 1 1 2 2 2 13 13 13 4 4 4 6 6 8 8 8 1 1 1 1 1 1 1 1 1 1 1 2 2 9 9 9 9 9 20 3 3 3 3 3 3 2 2 2 2 2 2 2 2 2 2 2 2 2 2 2 2 2 2 2 2 29 29 29 29 
118 10 10 10 1 1 1 1 1 19 19 1 1 26 26 26 21 21 21 21 21 5 5 5 5 5 5 2 2 2 2 2 2 2 2 1 1 1 1 1 1 1 1 1 1 1 1 1 1 1 1 1 1 1 1 1 1 1 1 1 1 1 1 1 1 19 19 4 4 4 4 4 4 4 6 6 6 6 2 2 2 8 8 8 8 8 8 8 8 4 4 4 4 2 2 2 2 2 2 2 2 2 2 2 4 4 4 4 4 4 4 4 4 5 5 5 26 26 26 11 11 11 1 1 1 1 1 2 4 4 4 5 5 5 5 1 1 8 8 2 2 13 13 13 4 4 6 6 6 8 8 8 1 1 1 1 1 1 1 1 1 1 1 6 6 9 9 9 9 20 20 3 3 3 3 3 2 2 2 2 2 2 2 2 2 2 2 2 2 2 2 2 2 2 2 2 2 8 8 8 8 
117 10 10 10 10 1 1 1 19 19 19 19 2 2 12 12 21 21 21 21 9 5 5 5 5 5 5 2 2 2 2 2 2 2 2 2 1 1 4 4 1 1 1 3 3 1 1 1 1 1 1 1 1 1 1 1 1 1 1 1 1 1 1 1 1 1 6 6 6 6 6 6 6 6 6 5 5 5 5 5 5 5 8 8 8 8 8 8 8 8 4 42 42 2 2 2 2 2 2 2 2 2 2 5 5 3 3 4 4 4 4 4 4 4 3 3 26 26 11 11 11 11 1 1 1 1 1 4 4 4 4 5 5 5 5 5 8 8 8 8 8 8 13 13 15 15 6 6 6 8 8 5 1 1 1 1 1 1 1 33 33 33 6 6 6 20 20 20 20 20 20 3 3 3 3 3 2 2 2 2 2 2 2 2 2 2 2 2 2 2 2 2 2 4 4 4 8 8 8 8 8 
116 10 10 10 10 10 1 19 19 19 19 2 2 2 12 12 12 21 21 9 9 9 5 5 5 5 8 2 2 2 2 2 2 2 2 2 2 4 4 4 4 3 3 3 3 3 1 1 1 1 1 1 1 1 1 1 1 1 1 1 1 1 1 1 1 1 6 6 6 6 6 6 6 6 5 5 5 5 5 5 5 5 5 5 5 5 5 8 8 8 42 42 42 2 2 2 2 2 2 2 2 2 2 2 3 3 3 3 4 4 1 1 1 1 3 3 3 4 11 11 11 8 8 1 1 1 4 4 4 4 4 5 5 5 5 5 8 8 8 8 8 8 8 15 15 15 15 6 6 5 5 5 5 1 1 1 1 1 33 33 33 33 6 6 20 20 20 20 20 20 20 24 24 3 3 2 2 2 2 2 2 2 2 2 2 2 2 2 2 2 2 2 4 4 4 4 8 8 8 8 8 
115 10 10 10 10 10 10 19 19 19 2 2 2 2 2 12 10 10 2 9 9 9 13 13 13 8 8 8 2 2 2 2 2 2 2 2 2 3 4 4 3 3 3 3 3 3 3 1 1 1 1 1 1 1 1 1 1 1 1 1 1 1 1 1 1 1 6 6 6 6 6 6 6 6 5 5 5 5 5 5 5 5 5 5 5 5 5 5 8 8 42 42 42 2 2 2 2 2 2 2 2 2 2 2 3 3 3 1 1 1 1 1 1 1 1 3 4 4 4 11 8 8 8 8 1 5 4 4 4 4 4 5 5 5 5 4 4 4 4 8 8 8 8 15 15 15 15 15 30 5 5 5 5 5 1 1 7 7 33 33 33 21 21 21 20 20 20 20 20 20 2 24 24 24 5 2 2 2 2 2 2 2 2 2 2 2 2 2 2 2 2 4 4 4 4 4 4 8 11 11 8 
114 7 7 7 10 10 10 2 2 2 2 2 2 2 2 2 10 10 2 2 9 13 13 13 13 8 8 8 8 7 7 2 2 2 2 2 3 3 3 3 3 3 3 3 3 3 3 3 1 1 1 1 1 1 1 1 1 1 1 1 1 1 1 1 1 1 1 6 6 6 6 6 6 6 5 5 5 5 5 5 5 5 5 5 5 5 5 5 1 1 42 42 42 42 2 2 2 2 2 2 2 2 4 4 11 11 1 1 1 1 1 1 1 1 1 4 4 4 4 4 8 8 8 8 5 5 5 4 4 4 1 1 1 1 1 4 4 4 4 4 1 1 1 1 15 15 15 30 30 30 5 5 5 5 5 7 7 7 43 33 21 21 21 21 20 20 20 20 20 2 2 2 24 5 5 5 2 2 2 2 2 2 2 2 2 2 2 2 2 2 4 4 4 4 4 4 4 11 11 11 11 
113 7 7 7 7 7 2 2 2 2 2 2 2 2 2 2 10 10 2 2 2 13 13 13 13 13 8 8 7 7 7 7 1 1 1 3 3 3 3 3 3 3 3 3 3 3 3 3 1 1 1 1 1 1 1 1 1 1 1 1 1 1 1 1 1 1 1 1 6 6 6 6 6 5 5 5 5 5 5 5 5 5 5 5 5 5 5 5 1 1 1 42 42 42 4 4 4 2 2 2 2 2 4 11 11 11 1 1 1 1 1 1 1 1 1 4 4 4 4 4 8 8 8 8 5 5 5 5 4 1 1 1 1 1 1 4 4 4 4 1 1 1 1 1 1 15 30 30 30 30 30 5 5 5 5 7 7 43 43 43 21 21 21 21 1 1 1 1 13 13 2 2 5 5 5 5 2 2 2 2 2 2 2 2 2 2 2 2 2 6 4 4 4 4 4 4 4 11 11 11 11 
112 7 7 7 7 7 7 2 2 2 2 2 2 2 2 2 35 35 35 35 28 28 28 13 13 1 1 1 1 7 7 1 1 1 1 3 3 3 3 3 3 3 3 3 3 3 3 3 4 4 1 1 1 1 1 1 1 1 1 1 1 1 1 1 1 1 1 1 2 6 6 6 11 5 5 5 5 5 5 5 5 5 5 5 5 5 5 1 1 1 1 1 1 4 4 4 4 4 2 3 3 3 3 11 11 11 1 1 1 1 1 1 1 1 1 4 4 4 1 1 1 8 8 5 5 5 5 5 5 1 1 1 1 1 1 4 4 4 4 1 1 1 1 1 1 1 30 30 30 30 30 5 5 5 5 18 18 43 43 43 21 21 22 22 1 1 1 1 13 13 13 2 5 5 5 5 2 2 2 2 2 2 2 2 2 2 2 2 6 6 6 4 4 4 4 4 4 11 11 11 11 
111 7 7 7 7 7 7 2 2 2 2 2 2 2 19 19 35 35 35 35 28 28 28 28 1 1 1 1 1 1 1 1 1 1 1 3 3 3 3 3 3 3 3 3 3 3 3 4 4 4 4 1 1 1 1 1 1 1 1 1 1 1 1 1 1 1 1 2 2 2 6 11 11 11 5 5 5 5 5 8 8 2 2 2 5 5 5 1 1 1 1 1 1 4 4 4 4 4 3 3 3 3 3 11 11 11 1 1 1 1 1 1 1 5 5 5 5 1 1 1 1 5 5 5 5 5 5 5 3 1 1 1 1 1 1 1 4 4 4 1 1 1 1 1 1 4 4 4 4 4 7 7 7 7 18 18 18 23 23 23 23 22 22 22 1 1 1 1 1 13 13 13 5 5 5 5 5 2 2 2 2 1 1 1 2 2 3 3 6 6 6 4 4 4 4 4 4 11 11 11 11 
110 7 7 7 7 7 2 2 2 2 2 2 2 19 19 19 35 35 35 35 28 28 28 28 1 1 1 1 1 1 1 1 1 1 1 3 3 3 3 3 3 3 3 8 8 3 4 4 4 4 4 1 1 1 1 1 1 1 1 1 1 1 1 1 1 1 1 2 2 2 2 11 11 11 3 5 5 5 8 8 8 2 2 2 2 5 6 6 1 1 1 1 1 4 4 4 4 3 3 3 3 3 3 3 11 11 1 1 1 1 1 1 5 5 5 5 5 5 1 1 5 5 5 5 5 5 5 3 3 3 1 1 1 1 1 1 1 4 23 1 1 1 1 1 4 4 4 4 4 4 7 7 7 7 18 18 23 23 23 23 23 22 22 1 1 1 1 1 1 13 13 13 19 19 19 5 5 5 2 2 1 1 1 1 1 3 3 3 3 6 6 4 4 4 4 4 1 1 1 1 1 
109 2 2 2 2 2 2 2 2 2 2 2 19 19 19 2 2 2 2 4 4 28 28 28 40 40 1 1 1 1 1 1 1 1 1 1 3 3 3 3 3 3 8 8 8 8 4 4 4 4 4 1 1 1 1 1 1 1 1 1 1 1 1 1 1 1 2 2 2 2 2 2 11 3 3 3 3 3 8 8 2 2 2 2 2 6 6 6 6 1 1 1 1 1 4 4 4 3 3 3 3 3 3 3 3 22 22 1 1 2 2 2 5 5 5 5 5 5 5 5 5 5 5 5 5 5 3 3 3 3 3 1 1 1 1 1 1 23 23 23 1 1 1 5 4 4 4 4 4 4 7 7 7 7 15 15 23 23 23 23 23 23 22 1 1 24 24 1 1 16 16 16 19 19 19 19 5 5 5 1 1 1 1 1 1 3 3 3 3 3 3 4 4 4 4 2 1 1 1 1 1 
108 2 2 2 2 2 2 2 2 2 2 19 19 19 2 2 2 2 2 4 4 4 4 4 40 40 40 1 1 1 1 1 1 1 1 1 3 3 3 3 3 8 8 8 8 8 4 4 4 4 4 1 1 1 1 1 1 1 1 1 1 1 1 1 1 2 2 2 2 2 2 1 1 3 3 3 3 3 2 2 2 2 2 2 2 6 6 6 6 1 1 1 1 1 1 1 1 1 3 3 3 3 3 3 3 22 22 22 2 2 2 2 5 5 5 5 5 5 5 5 5 5 5 5 5 3 3 3 3 3 3 1 1 1 1 1 1 23 23 23 23 1 5 5 5 4 4 4 4 4 2 2 2 2 15 15 15 23 23 23 23 23 23 1 24 24 24 24 3 3 16 16 19 19 19 19 5 5 5 11 11 1 1 1 1 3 3 3 3 3 3 4 4 4 2 2 2 1 1 1 1 
107 2 2 2 2 2 17 17 2 2 19 19 19 19 2 2 2 2 2 4 4 4 4 4 4 40 40 1 1 1 1 1 1 1 1 1 3 3 3 3 8 8 8 8 8 8 4 4 4 4 4 1 1 1 1 1 1 1 1 1 1 1 1 1 1 1 2 2 2 1 1 1 1 1 3 3 3 3 2 2 2 2 2 2 2 6 6 6 1 1 1 1 1 1 1 1 1 1 1 3 3 3 3 3 3 22 22 22 2 2 2 2 2 5 5 5 5 5 5 5 5 5 5 5 3 3 3 3 3 3 3 1 1 1 1 1 1 23 23 23 23 36 5 5 5 5 4 4 4 4 2 2 2 2 15 15 15 15 23 23 23 23 10 10 24 24 24 3 3 3 3 19 19 19 19 19 19 5 11 11 11 11 1 1 29 29 3 3 3 3 3 3 4 2 2 2 2 2 1 1 1 
106 2 3 3 3 17 17 17 17 17 19 19 8 8 10 10 10 10 46 46 4 4 4 4 4 23 23 1 1 1 1 1 1 1 1 1 3 3 3 8 8 8 8 8 8 2 2 4 4 4 1 1 1 1 1 1 1 1 1 1 1 1 1 1 1 1 1 1 1 1 1 1 1 1 1 3 3 8 8 2 2 2 3 3 3 1 1 1 1 1 1 1 1 1 1 1 1 1 1 1 3 3 3 3 3 3 22 22 2 2 2 2 2 5 5 5 8 8 8 8 8 8 3 3 3 3 3 3 3 3 1 1 1 1 1 1 1 1 23 23 36 36 36 5 5 5 11 11 4 4 30 2 2 2 15 15 15 15 3 3 3 10 10 10 10 24 12 3 3 3 3 19 19 19 19 19 19 11 11 11 11 11 11 29 29 29 29 3 3 3 3 1 1 2 2 2 2 2 3 3 3 
105 3 3 3 3 17 17 17 17 17 17 8 8 8 10 10 10 10 46 46 46 4 4 4 23 23 23 1 1 1 1 1 1 1 1 1 1 3 8 8 8 8 8 8 2 2 2 2 2 1 1 1 1 1 1 1 1 1 1 1 1 1 1 1 1 1 1 1 1 1 1 1 1 1 1 1 8 8 8 8 8 3 3 3 3 1 1 1 1 1 1 1 1 1 1 1 1 1 1 1 1 3 3 3 3 3 3 3 3 2 2 8 8 8 8 8 8 8 8 8 8 8 3 3 3 3 3 1 1 1 1 1 1 1 1 1 1 1 1 36 36 36 36 14 14 14 11 11 11 30 30 30 2 2 2 15 15 3 3 3 3 10 10 10 10 12 12 12 3 3 19 19 19 19 19 19 19 11 11 11 11 11 11 29 29 29 29 29 1 1 1 1 1 2 2 2 2 3 3 3 3 
104 3 3 3 3 17 17 17 17 17 17 8 8 8 10 10 3 3 46 46 46 5 5 5 23 23 1 1 1 1 1 1 1 1 1 1 1 1 8 8 30 30 30 30 2 2 2 2 2 1 1 1 1 1 1 1 1 1 1 1 1 1 1 1 1 1 1 1 1 1 1 1 1 1 1 1 8 8 8 8 8 3 3 3 3 1 1 1 1 1 1 1 1 1 1 1 1 1 1 1 1 3 3 3 3 3 3 3 3 3 8 8 8 8 8 8 8 8 8 8 8 8 3 3 3 3 1 1 1 1 1 1 1 1 1 1 1 1 1 36 36 36 36 14 14 14 11 11 11 30 30 30 30 2 2 3 3 3 3 3 3 3 10 10 12 12 12 12 12 19 19 19 19 19 19 19 19 11 11 11 11 11 39 29 29 29 29 1 1 1 1 1 1 1 2 3 3 3 3 3 3 
103 4 4 4 4 4 17 17 49 49 9 9 9 9 3 3 3 3 46 46 1 1 5 5 1 1 1 1 1 1 1 1 1 1 1 1 1 1 1 30 30 30 30 30 2 2 2 2 2 2 1 1 1 46 46 1 1 1 1 1 1 1 1 1 1 2 2 2 2 2 2 2 1 1 1 1 1 8 8 8 8 3 3 3 3 1 1 1 1 1 1 1 1 4 4 4 4 1 1 1 1 1 3 3 3 3 3 3 3 3 8 8 8 8 8 8 8 8 8 8 8 8 3 3 20 20 20 1 1 1 1 1 1 1 1 1 1 1 1 36 36 36 36 14 14 14 11 11 11 11 30 30 30 30 30 3 3 3 3 3 3 3 3 3 12 12 12 12 4 4 19 19 19 19 19 19 19 11 11 48 48 39 39 39 29 29 1 1 1 1 1 1 1 1 3 3 3 3 3 3 3 
102 4 4 4 4 4 4 49 49 49 9 9 9 9 3 3 3 3 46 1 1 1 1 1 1 1 1 1 1 1 1 1 1 1 1 1 1 1 1 30 30 30 30 30 2 2 2 2 2 2 2 1 46 46 46 46 10 10 10 1 1 1 21 21 2 2 2 2 2 2 2 2 2 1 1 1 1 8 8 8 8 3 3 3 3 1 1 1 1 1 1 1 4 4 4 4 4 4 1 1 1 1 3 3 3 3 3 3 3 3 3 8 8 8 8 8 2 2 8 8 8 10 10 20 20 20 20 20 1 1 1 1 1 1 1 1 1 1 1 17 17 1 1 1 1 1 1 11 11 11 30 30 30 30 30 3 3 3 3 3 3 3 3 3 3 12 12 16 4 4 13 19 19 19 19 19 19 11 48 48 48 39 39 39 39 1 1 1 1 1 1 1 1 1 3 3 3 3 3 3 3 
101 4 4 4 4 4 4 49 49 49 9 9 9 9 3 3 3 2 2 1 1 1 1 1 1 1 1 1 1 1 1 1 1 1 1 1 1 1 1 30 30 30 30 30 2 2 2 2 2 2 2 2 46 46 46 10 10 10 10 10 21 21 21 21 2 2 2 2 2 2 2 2 2 1 1 1 1 8 8 8 8 3 3 3 3 1 1 34 34 1 1 4 4 4 4 4 4 4 2 2 2 2 3 3 3 3 3 3 3 3 3 3 6 6 6 2 2 2 2 2 10 10 10 20 20 20 20 20 1 1 1 1 1 1 1 1 1 1 17 17 17 1 1 1 1 1 1 1 1 1 30 30 30 30 30 3 3 3 3 3 3 3 3 3 1 1 16 16 16 13 13 13 19 19 21 21 21 21 48 48 48 31 39 39 39 1 1 1 1 1 1 1 1 1 3 3 3 3 3 3 3 
100 4 4 4 4 4 4 27 27 27 27 9 9 3 3 3 2 2 2 2 1 1 1 1 1 1 1 1 1 1 1 1 1 1 1 1 1 1 1 30 30 30 30 8 2 2 2 2 2 2 2 2 2 3 3 10 10 10 10 21 21 21 21 21 21 2 2 2 2 2 2 2 2 1 1 1 1 1 8 8 8 3 3 3 3 1 34 34 34 34 4 4 4 4 4 4 4 2 2 2 2 2 3 3 3 3 3 3 3 3 3 3 6 6 2 2 2 2 2 2 10 10 10 10 20 20 2 2 2 1 1 1 1 1 1 1 1 13 17 17 1 1 1 1 1 1 1 1 1 1 1 30 30 46 46 3 3 3 3 3 3 3 3 1 1 1 16 16 16 16 13 38 38 21 21 21 21 21 2 2 31 31 31 39 1 1 1 1 1 1 1 1 1 1 1 3 3 3 3 3 3 
99 1 1 1 1 1 1 27 27 27 27 3 3 3 3 3 2 2 2 2 2 1 1 1 1 14 14 1 1 1 1 1 1 1 1 1 1 1 1 18 3 3 8 8 8 2 2 2 2 2 2 2 2 3 3 3 4 4 21 21 21 21 21 21 21 2 2 2 2 2 2 2 1 1 1 1 1 1 1 1 1 2 2 2 2 2 34 34 34 11 11 4 4 4 4 4 4 2 2 2 2 3 3 3 3 3 3 3 3 3 3 3 6 2 2 2 2 2 2 2 10 10 10 10 10 2 2 2 2 2 1 1 1 1 1 1 13 13 13 8 8 1 1 1 1 1 1 1 1 1 1 1 46 46 46 46 3 3 3 3 3 3 1 1 1 1 1 16 16 16 38 38 38 32 21 21 21 21 2 2 31 31 31 1 1 1 1 1 1 1 1 1 1 1 1 1 1 1 1 1 1 
98 1 1 1 1 1 1 1 27 27 3 3 3 3 3 3 2 2 2 2 2 2 2 2 14 14 14 14 1 1 1 1 1 1 1 1 1 1 18 18 3 3 8 8 8 2 2 2 2 2 2 2 2 2 3 3 4 4 21 21 21 21 11 11 11 11 11 11 1 1 1 1 1 1 1 1 1 1 1 1 1 2 2 2 2 2 2 34 11 11 11 11 4 4 4 4 4 2 2 2 3 3 3 3 3 3 3 3 3 3 3 38 38 2 2 2 2 2 2 2 10 10 10 10 6 6 2 2 2 3 3 1 1 16 16 13 13 13 13 8 8 8 1 1 1 1 1 1 1 1 1 1 46 46 46 46 6 6 6 6 6 6 6 1 1 1 1 3 3 3 3 38 32 32 32 9 9 9 2 2 5 31 1 1 1 1 1 1 1 1 1 1 1 1 1 1 1 1 1 1 1 
97 1 1 1 1 1 1 2 2 2 3 3 3 3 3 4 2 2 2 2 2 2 2 2 14 14 14 14 40 40 1 1 1 1 1 1 1 1 1 3 3 3 3 8 8 2 2 2 2 2 2 2 2 2 2 2 2 2 21 21 21 11 11 11 11 11 11 11 1 1 1 1 1 1 1 1 1 1 1 1 1 2 2 2 2 2 12 12 11 11 11 11 11 4 4 14 14 26 26 3 3 3 3 3 3 3 3 3 3 3 38 38 38 38 2 2 2 2 2 2 2 10 10 6 6 6 6 3 3 3 3 3 16 16 16 13 13 13 13 4 8 8 32 32 1 1 1 1 1 1 1 1 1 46 46 6 6 6 6 6 6 6 6 6 1 33 33 33 3 3 3 3 32 32 32 9 9 9 11 5 5 5 1 1 1 1 1 1 1 1 1 1 1 1 1 1 1 1 1 1 1 
96 1 1 1 1 1 2 2 2 2 2 3 3 3 4 4 4 2 2 2 2 2 2 2 2 14 14 40 40 40 40 1 1 1 1 1 1 1 1 3 3 3 3 3 2 2 2 2 2 2 2 2 2 2 2 2 2 2 2 3 3 11 11 11 11 11 11 4 1 1 1 1 1 1 1 1 1 1 1 1 1 2 2 2 2 12 12 12 12 11 11 11 11 11 14 14 14 26 26 3 3 3 3 3 3 3 3 3 3 38 38 38 38 38 38 2 2 2 2 2 2 11 11 11 6 6 3 3 3 3 3 3 16 16 16 16 13 13 4 4 4 4 32 32 32 1 7 7 7 1 1 1 1 1 1 6 6 6 6 6 6 6 6 6 33 33 33 33 33 3 3 23 32 32 32 9 9 11 11 5 5 5 1 1 1 1 1 1 1 1 1 1 1 1 1 1 1 1 1 1 1 
95 1 7 7 7 2 2 2 2 2 2 3 3 4 4 4 4 2 2 2 2 2 2 2 2 2 40 40 40 40 40 1 1 1 1 1 1 1 3 3 3 3 3 3 2 2 2 2 2 2 2 2 2 2 2 2 2 2 2 3 3 3 11 11 11 4 4 4 4 1 1 1 1 1 1 1 1 1 1 1 1 1 2 2 3 12 12 12 8 11 11 11 11 11 14 14 14 13 13 3 3 3 3 3 3 3 3 19 19 38 38 38 38 38 1 1 2 2 2 2 7 11 11 11 11 27 3 3 3 3 3 3 3 16 16 16 40 40 40 4 4 4 37 32 32 7 7 7 7 7 1 1 1 1 1 6 6 6 6 6 6 6 6 6 33 33 33 33 33 23 23 23 23 32 32 16 16 11 11 5 5 5 1 1 1 1 1 1 1 1 1 1 1 1 1 1 1 1 1 1 1 
94 7 7 7 7 2 2 2 21 21 21 27 27 4 4 4 4 2 2 2 2 2 2 2 2 2 40 40 40 40 40 2 2 1 1 1 1 1 3 3 3 3 3 3 4 2 2 2 2 2 2 2 2 2 2 2 2 2 3 3 3 3 3 4 4 4 4 4 4 1 1 1 1 1 1 1 1 1 1 1 1 1 1 3 3 3 12 8 8 8 11 11 11 3 3 3 3 13 13 13 3 3 3 3 3 3 19 19 19 1 38 38 38 1 1 1 1 2 2 7 7 7 11 11 27 27 27 3 3 3 3 3 3 3 5 5 40 40 40 40 4 37 37 37 5 5 7 7 7 4 4 1 30 30 30 6 6 6 6 6 6 6 6 6 33 33 33 33 33 23 23 23 23 23 23 16 16 22 22 5 5 1 1 1 1 1 1 1 1 1 1 1 4 4 4 1 1 1 32 32 1 
93 7 7 7 43 2 2 21 21 21 21 27 27 27 4 4 4 2 2 2 2 2 2 2 1 1 1 1 40 40 6 2 2 2 1 1 49 49 49 3 3 3 3 4 4 4 2 2 2 2 2 2 2 2 5 5 5 3 3 3 3 3 3 4 4 4 4 4 9 9 1 1 1 1 1 1 1 1 1 1 1 1 1 3 3 3 3 8 8 8 8 11 3 3 3 3 3 13 13 13 4 4 4 3 3 12 19 19 1 1 1 1 1 1 1 1 1 1 1 7 7 7 7 7 27 27 27 3 3 3 3 3 3 5 5 5 40 40 40 40 37 37 37 37 5 5 5 4 4 4 4 30 30 30 30 9 9 9 9 6 6 6 6 6 33 33 33 1 1 1 23 23 23 23 23 22 22 22 22 1 1 1 1 1 1 1 1 1 1 1 1 4 4 4 4 4 4 32 32 32 32 
92 7 43 43 43 43 21 21 21 21 27 27 27 27 4 4 4 4 2 2 2 2 2 1 1 1 1 1 1 6 6 6 2 2 49 49 49 49 49 1 1 1 1 4 4 4 4 4 2 2 5 5 5 5 5 5 5 3 3 3 3 3 3 8 4 4 4 9 9 9 9 1 1 1 1 1 1 1 1 1 1 1 1 3 3 3 3 3 8 8 1 1 3 3 3 3 3 6 6 6 4 4 4 4 12 12 12 36 36 1 1 1 1 1 1 1 1 1 1 7 7 7 7 7 15 15 15 15 3 3 4 4 4 5 5 5 5 40 40 5 5 37 37 5 5 5 5 4 4 4 4 30 30 30 30 9 9 9 9 9 6 10 10 2 2 33 1 1 1 1 1 23 23 23 22 22 22 22 22 1 1 1 1 1 1 1 1 1 1 1 4 4 4 4 4 4 4 32 32 32 32 
91 43 43 43 43 43 21 21 16 16 27 27 27 27 4 4 4 4 4 2 2 1 1 1 1 1 1 1 1 6 6 6 6 49 49 49 49 49 49 1 1 1 1 4 4 4 4 4 4 5 5 5 5 5 5 5 5 3 3 3 3 3 8 8 8 4 9 9 9 9 9 9 1 1 1 1 1 1 1 1 1 1 1 3 3 3 3 3 3 1 1 1 1 3 3 3 6 6 6 6 6 4 4 12 12 12 12 36 36 7 7 7 7 7 1 1 1 1 1 9 7 7 7 15 15 15 15 15 4 4 4 4 4 5 5 5 5 5 5 5 5 5 5 5 5 5 42 4 4 4 4 30 30 30 30 30 9 9 9 9 10 10 10 2 2 2 1 1 1 1 1 1 23 41 22 22 22 22 1 1 1 1 1 1 1 1 1 14 14 14 4 4 4 4 4 4 4 4 32 32 32 
90 43 43 43 43 43 7 16 16 16 16 27 27 27 4 4 4 4 4 4 1 1 1 1 1 1 1 1 1 6 6 6 6 1 49 49 49 49 49 1 1 1 1 1 4 4 4 4 4 5 5 5 5 5 5 5 3 3 3 3 1 1 8 8 8 8 9 9 9 9 9 9 1 1 1 1 1 1 1 1 1 1 1 3 3 3 3 3 3 1 1 1 1 1 1 6 6 6 6 6 6 6 6 12 12 12 12 7 7 7 7 7 7 7 7 1 1 12 9 9 9 9 9 15 15 15 15 15 4 4 4 4 4 1 1 1 1 5 5 5 5 5 5 5 5 42 42 42 4 4 4 4 30 30 30 30 9 9 9 12 12 10 10 2 2 2 2 1 1 1 1 1 41 41 41 22 22 1 1 1 1 1 1 1 1 1 14 14 14 14 14 4 4 4 4 4 4 4 12 12 12 
89 43 43 43 7 7 7 16 16 16 16 16 21 21 21 21 4 4 4 1 1 1 1 1 1 1 1 1 1 6 6 6 1 1 1 49 49 49 5 5 1 1 1 1 1 4 4 4 4 5 5 5 5 5 5 5 3 3 3 1 1 1 1 8 8 8 9 9 9 9 3 3 3 1 1 1 1 1 1 1 1 1 1 3 3 3 3 3 1 1 1 1 1 1 1 6 6 6 6 6 6 6 6 12 12 12 12 7 7 7 7 7 7 7 7 7 12 12 12 9 9 9 2 2 15 15 15 15 4 4 4 4 1 1 1 1 1 1 1 5 5 14 14 14 3 42 42 42 4 4 4 4 4 30 30 1 1 9 12 12 12 12 2 2 2 2 2 1 1 1 1 1 41 41 41 43 43 1 1 1 1 1 1 1 1 14 14 14 14 14 14 4 4 4 4 4 4 12 12 12 12 
88 7 7 7 7 7 7 7 16 16 16 16 21 21 21 21 21 4 4 1 1 1 1 1 1 1 4 4 4 4 6 1 1 1 1 1 5 5 5 5 5 1 1 1 1 1 4 4 27 27 5 5 5 5 5 3 3 3 3 1 1 1 1 1 8 11 9 9 9 3 3 3 3 3 1 1 1 1 1 1 1 1 10 10 3 3 3 1 1 1 1 1 1 1 1 6 6 6 6 6 6 6 1 1 12 12 7 7 7 7 7 7 7 7 10 10 12 12 12 12 2 2 2 2 2 15 15 3 3 4 4 4 1 1 1 1 1 1 1 1 14 14 14 14 3 3 42 4 4 4 4 4 4 1 1 1 1 1 12 12 12 6 6 2 2 2 2 3 3 1 1 1 1 41 43 43 43 43 1 1 1 1 1 1 14 14 14 14 14 14 2 2 4 4 4 4 12 12 12 12 12 
87 7 7 7 7 7 7 7 12 16 16 28 21 21 21 21 21 21 2 2 1 1 1 1 1 4 4 4 4 4 4 1 1 1 1 1 5 5 5 5 5 5 1 1 1 1 50 27 27 27 27 5 5 5 3 3 3 3 3 1 1 1 1 1 11 11 11 3 3 3 3 3 3 3 3 1 1 1 1 1 1 10 10 10 10 3 5 1 1 1 1 1 1 1 1 1 6 6 6 6 1 1 1 1 1 7 7 7 7 7 7 7 7 10 10 10 12 12 12 12 2 2 2 2 2 2 3 3 3 3 3 3 3 3 1 1 1 1 1 1 14 14 14 14 3 3 4 4 4 4 4 4 4 1 1 1 1 1 1 6 6 6 6 6 2 2 3 3 3 3 1 1 1 1 43 43 43 14 1 1 1 1 21 21 14 14 14 14 14 2 2 2 2 4 4 12 12 12 12 12 12 
86 13 13 7 7 7 7 12 12 12 28 28 28 21 21 21 21 2 2 2 2 2 2 2 4 4 4 4 4 4 4 1 1 1 1 1 5 5 5 5 5 5 5 1 1 50 50 27 27 27 27 27 5 3 3 3 3 3 3 1 1 1 1 1 11 11 11 3 3 3 3 3 3 3 3 3 1 4 4 4 4 10 10 10 10 5 5 5 1 1 1 1 1 1 1 1 1 6 6 1 1 1 1 1 1 7 7 7 7 7 7 7 10 10 10 29 29 12 12 12 43 2 2 2 2 2 3 3 3 3 3 3 3 3 3 1 1 1 1 1 1 14 14 14 3 3 4 4 4 4 4 4 4 1 1 1 1 1 6 6 6 6 6 6 4 4 3 3 3 3 10 1 1 1 43 43 14 14 14 1 1 21 21 21 14 14 14 14 14 2 2 2 2 2 2 12 12 12 12 5 5 
85 13 13 13 7 7 12 12 12 12 28 28 28 28 3 3 3 2 2 2 2 2 2 2 4 4 4 4 4 4 4 4 1 1 7 7 3 3 5 5 5 5 5 8 8 50 50 27 27 27 27 27 27 3 3 3 3 3 1 1 1 1 1 1 1 11 3 3 3 3 3 3 3 3 3 3 4 4 4 4 4 4 10 2 2 2 5 5 1 1 1 1 1 1 1 1 1 1 1 1 1 1 1 1 1 7 7 7 7 7 16 16 10 10 29 29 29 29 12 43 43 43 2 2 2 3 3 3 3 3 3 3 3 3 3 1 1 1 1 1 1 1 14 14 9 9 9 4 4 4 4 4 4 5 5 5 5 6 6 6 6 6 27 27 4 4 4 3 3 10 10 10 2 2 3 3 14 14 14 14 14 21 21 21 14 14 14 14 14 2 2 2 2 2 2 2 12 12 5 5 5 
84 13 13 50 50 12 12 12 12 12 28 28 28 28 3 3 3 2 2 2 2 2 2 2 4 4 4 4 4 4 4 4 4 7 7 7 3 3 3 5 5 8 8 8 8 8 6 27 27 27 27 27 27 3 3 3 3 1 1 1 1 1 1 1 1 3 3 3 3 3 3 3 3 3 3 3 4 4 4 4 4 4 2 2 2 2 2 1 1 1 1 1 1 1 1 1 1 1 1 1 1 1 1 1 1 7 7 7 7 16 16 16 16 6 29 29 29 29 43 43 43 43 43 3 3 3 3 3 3 3 3 3 3 3 3 3 1 1 1 1 1 1 1 9 9 9 9 9 4 4 4 4 5 5 5 5 5 6 6 6 6 27 27 27 4 4 4 9 9 10 10 2 2 2 3 3 14 14 14 14 14 21 21 21 21 14 14 14 1 2 2 2 2 2 2 2 2 2 5 5 5 
83 50 50 50 50 12 12 12 12 12 28 28 28 28 3 3 3 41 2 2 2 2 2 2 2 4 4 4 4 4 4 4 4 7 7 7 3 3 3 1 8 8 8 8 8 8 6 6 27 27 27 27 27 3 3 3 1 1 1 1 1 1 1 1 3 3 3 3 3 3 3 3 3 3 3 4 4 4 4 4 4 4 2 2 2 2 2 1 1 1 1 1 1 1 1 1 1 1 1 1 1 1 1 1 1 7 7 7 16 16 16 16 6 6 6 24 24 43 43 43 43 43 3 3 3 3 3 3 3 3 3 3 3 3 3 3 4 1 1 1 1 1 1 17 9 9 9 9 4 4 4 5 5 5 5 5 5 6 6 6 8 27 27 7 7 7 9 9 9 9 2 2 2 2 15 27 27 14 14 14 14 21 21 21 9 9 9 1 1 1 2 2 2 2 2 2 2 2 2 5 5 
82 50 50 50 1 1 12 12 12 12 2 2 2 2 2 3 41 41 41 2 2 2 2 2 2 2 4 4 4 4 4 4 4 1 7 7 3 3 1 1 8 8 8 8 8 6 6 6 6 2 2 2 2 2 3 1 1 1 1 1 1 1 1 3 3 3 3 1 1 1 3 3 3 3 4 4 4 4 4 4 4 4 2 2 2 2 2 2 1 1 1 1 1 1 1 1 1 1 50 1 1 1 1 1 1 1 7 16 16 16 16 16 6 6 6 24 24 43 43 43 43 3 3 3 3 3 3 3 3 3 3 3 1 1 1 4 4 4 4 4 4 4 17 17 17 9 9 3 3 3 3 5 5 5 5 5 5 5 6 8 8 8 7 7 7 7 9 9 9 9 9 2 2 15 15 27 27 27 4 4 3 3 3 3 9 9 9 1 1 1 2 2 2 2 2 2 2 2 2 2 2 
81 50 50 1 1 1 6 12 12 2 2 2 2 2 2 2 41 41 41 2 2 2 2 2 2 1 1 1 4 4 4 4 1 1 1 1 1 1 1 1 8 8 8 8 8 6 6 6 6 2 2 2 2 2 2 1 1 1 1 1 1 1 3 3 3 3 1 1 1 1 1 3 3 4 4 4 4 4 4 4 4 2 2 2 2 2 2 2 2 1 1 1 1 1 1 1 1 1 50 50 1 1 1 1 1 1 1 16 16 16 16 16 6 6 24 24 24 4 4 4 3 3 3 3 3 3 3 3 3 36 36 1 1 1 1 4 4 4 4 4 4 4 17 17 17 37 37 3 3 3 3 5 5 5 5 5 5 5 5 8 8 8 8 7 7 7 9 9 9 9 9 15 15 15 15 15 27 4 4 4 3 3 3 3 3 9 9 3 1 1 2 2 2 2 2 2 2 2 2 2 2 
80 36 36 1 1 6 6 6 2 2 2 2 2 2 2 2 2 41 41 3 2 2 1 1 1 1 1 1 1 1 1 1 1 1 1 1 1 1 1 1 8 8 8 8 8 25 6 6 2 2 2 2 2 2 2 1 1 1 1 1 1 14 3 3 3 3 1 1 1 1 1 4 4 4 4 4 4 4 4 4 2 2 2 2 2 2 2 2 2 1 1 1 1 1 1 1 1 1 50 50 1 1 1 1 1 1 1 16 16 16 16 13 13 13 24 24 24 4 4 4 3 3 3 3 3 3 3 3 36 36 36 1 1 1 1 4 4 4 4 4 4 11 11 2 2 37 37 3 3 3 3 3 5 5 5 5 5 5 5 8 8 8 8 8 7 48 48 9 9 9 15 15 15 15 15 15 4 4 4 4 3 3 3 3 3 3 3 3 3 3 2 2 2 2 2 2 2 2 2 2 2 
79 12 12 6 6 6 6 6 2 2 2 2 2 2 2 2 2 2 3 3 3 1 1 1 1 1 1 1 1 1 1 1 1 1 1 1 1 1 1 1 1 8 8 8 25 25 25 2 2 2 2 2 2 2 2 1 1 1 29 29 14 14 14 3 3 3 3 1 1 1 15 4 4 4 4 4 4 4 4 2 2 2 2 2 7 7 2 2 2 1 1 1 1 1 1 1 1 1 1 2 1 1 1 1 1 1 1 1 16 17 17 13 13 13 13 21 21 4 4 4 7 3 3 3 3 3 32 32 36 36 36 1 1 1 1 4 4 4 4 4 11 11 11 2 2 2 37 3 3 3 3 3 3 5 5 5 5 5 5 5 8 8 8 8 48 48 48 48 9 37 15 15 15 15 15 15 4 4 4 4 3 3 3 3 3 3 3 3 3 3 3 2 2 2 2 2 2 2 2 2 2 
78 12 12 6 6 6 6 6 2 2 2 2 2 2 2 2 2 2 3 3 3 1 1 1 1 1 1 1 1 1 1 1 1 1 1 1 1 1 1 1 1 1 1 1 25 25 25 2 2 2 2 2 2 2 2 2 1 29 29 29 14 14 14 3 3 3 3 3 1 15 15 15 4 4 4 4 4 4 17 17 2 2 2 7 7 7 7 2 1 1 1 1 1 1 1 1 1 1 2 2 1 1 1 1 1 1 1 1 17 17 17 17 13 13 21 21 21 23 23 7 7 7 7 3 3 32 32 32 7 7 7 8 8 8 5 5 5 5 5 5 11 11 11 11 2 2 2 3 3 3 3 3 2 2 5 5 5 5 5 5 1 1 1 1 48 48 48 48 37 37 37 15 15 15 15 4 4 4 4 4 4 3 3 3 3 3 3 3 3 3 3 2 2 2 2 2 2 2 2 2 2 
77 12 12 3 3 3 3 3 49 49 49 2 2 2 2 2 2 2 3 3 1 1 1 1 1 1 1 1 1 1 1 1 1 1 1 1 1 1 1 1 1 1 1 1 1 25 25 2 2 2 2 2 2 2 2 2 2 29 29 29 12 12 3 3 3 3 3 3 3 15 15 15 4 4 4 4 4 17 17 17 17 2 12 7 7 7 7 7 9 1 1 1 1 1 1 1 1 2 2 2 2 1 1 1 1 1 1 1 17 17 17 17 17 11 21 21 23 23 23 7 7 7 7 7 7 32 32 32 7 7 7 8 8 8 5 5 5 5 5 5 11 11 11 11 1 2 2 2 3 3 1 1 2 2 2 5 5 5 5 1 1 1 1 1 1 48 48 48 37 37 37 15 15 15 4 4 4 4 4 4 4 10 10 3 3 3 3 3 3 3 3 2 2 2 2 2 2 2 2 2 2 
76 3 3 3 3 3 3 3 49 49 49 49 2 2 2 2 2 2 1 1 1 1 1 1 1 1 1 1 1 1 1 1 1 1 1 1 1 1 1 1 1 1 1 1 1 1 2 2 2 2 2 2 2 2 2 2 2 2 4 4 12 12 3 3 3 3 3 3 3 4 15 15 2 2 2 2 2 17 17 17 17 12 12 12 7 7 7 9 9 9 1 1 1 1 1 1 1 2 2 2 2 1 1 1 1 1 1 1 1 17 17 17 17 11 11 23 23 23 23 7 7 7 7 7 7 32 32 32 7 7 7 8 8 8 5 5 5 5 5 5 1 11 11 1 1 1 2 2 1 1 1 1 1 2 2 5 5 5 5 1 1 1 1 1 1 1 48 48 2 2 2 27 27 4 4 4 4 4 4 4 10 10 10 10 3 3 3 3 3 3 8 8 2 5 5 5 2 2 6 6 2 
75 3 3 3 3 3 3 3 3 49 49 49 2 2 2 2 2 2 1 1 1 1 1 1 1 1 1 1 1 1 1 1 1 1 1 1 1 1 1 1 1 1 1 1 1 1 2 2 2 2 2 2 2 2 2 2 2 2 4 4 12 12 3 3 3 3 3 3 4 4 4 2 2 2 2 2 2 2 17 17 17 12 12 12 7 7 9 9 9 9 1 1 1 1 1 1 1 2 2 2 1 1 1 1 1 1 1 1 1 1 17 17 17 11 11 23 23 23 23 23 7 7 7 7 7 7 32 32 3 3 3 16 16 16 5 5 5 5 5 1 1 1 1 1 1 1 1 1 1 1 1 1 1 1 5 5 5 5 5 1 1 1 1 1 1 1 1 1 2 2 2 27 27 4 4 4 4 4 4 9 10 10 10 10 3 3 3 3 3 8 8 8 5 5 5 5 5 6 6 6 6 
74 3 3 3 3 3 3 3 3 10 10 10 2 2 2 2 2 2 1 1 1 1 1 1 1 1 1 1 1 1 1 1 1 1 1 1 1 1 1 1 1 1 1 1 1 1 2 2 2 2 2 2 2 2 2 2 2 2 2 7 7 7 7 3 3 3 3 4 4 4 4 2 2 2 2 2 2 2 2 17 44 44 12 12 37 37 9 9 9 9 1 1 1 1 1 1 1 2 2 45 1 1 1 1 1 1 1 1 1 1 17 17 17 11 11 23 23 23 23 23 23 7 7 7 7 7 7 7 3 3 3 16 16 16 4 4 4 4 1 1 1 1 1 1 1 1 1 1 1 1 1 1 1 1 5 5 5 5 5 1 1 1 1 1 1 1 1 1 1 2 2 27 27 41 41 4 4 9 9 9 9 10 10 10 3 3 3 3 8 8 8 1 5 5 5 5 5 6 6 6 6 
73 3 5 5 3 3 3 3 10 10 10 10 10 2 2 2 2 2 2 1 1 1 1 1 1 1 1 1 1 1 1 1 1 1 1 1 1 1 1 1 1 1 1 1 1 1 1 2 2 2 2 2 2 2 2 2 2 2 2 7 7 7 7 7 3 3 4 4 4 4 4 2 2 2 2 2 2 2 2 44 44 44 44 37 37 37 3 3 3 1 1 1 1 1 1 1 2 2 45 45 45 1 1 1 1 1 1 1 1 1 17 17 17 11 11 23 23 23 23 23 23 7 7 7 7 7 7 7 36 36 36 16 16 16 4 4 4 4 1 1 1 1 1 1 1 1 1 1 1 1 1 1 1 1 4 5 5 5 1 1 1 1 1 1 1 1 1 1 1 1 6 6 41 41 41 41 9 9 9 9 9 9 10 10 5 5 5 5 8 8 1 1 1 5 5 5 5 6 6 6 6 
72 5 5 5 5 4 4 4 10 10 10 10 10 2 2 2 2 2 2 2 1 9 9 1 1 1 1 1 1 1 1 1 1 1 1 1 1 1 1 1 1 1 1 1 1 1 1 1 2 2 2 2 8 8 2 2 2 2 7 7 7 7 7 7 5 5 4 4 4 4 2 2 2 2 2 2 2 2 2 44 44 44 44 4 37 37 3 3 3 1 1 1 1 1 1 1 1 45 45 45 45 1 1 1 1 1 1 1 1 1 1 17 5 5 5 5 23 23 23 9 9 7 7 7 7 7 7 36 36 36 36 36 48 48 4 4 4 4 1 1 1 1 1 1 1 1 1 1 1 5 5 1 1 4 4 4 5 5 1 1 1 1 1 1 1 1 1 1 1 1 6 6 41 41 41 41 9 9 9 9 9 9 9 9 5 5 5 5 1 1 1 1 1 1 5 5 5 6 6 6 6 
71 5 5 5 4 4 4 4 4 10 5 5 5 2 2 2 2 2 2 2 9 9 9 9 1 1 1 1 1 1 1 1 1 1 1 1 1 1 1 1 1 1 1 1 1 1 1 1 1 2 2 8 8 8 8 2 5 5 7 7 7 7 7 7 5 5 5 4 4 2 2 2 2 2 2 2 2 2 2 4 4 4 4 4 4 4 3 3 3 1 1 1 1 1 1 1 1 45 45 45 17 1 1 1 1 1 1 1 1 1 1 5 5 5 5 5 5 5 9 9 9 7 7 7 7 1 1 36 36 36 36 48 48 48 48 4 4 3 1 1 1 1 1 1 1 5 5 5 5 5 5 5 4 4 4 4 4 4 1 1 1 1 1 1 1 1 1 1 1 1 1 6 41 41 41 41 37 37 9 9 9 9 9 9 19 5 5 1 1 1 1 1 1 1 1 1 1 1 6 6 6 
70 6 6 6 4 4 4 4 4 5 5 5 5 2 2 2 2 2 2 2 9 9 9 9 9 1 1 1 1 1 1 1 1 1 1 1 1 1 1 1 1 1 1 1 1 1 1 1 1 1 8 8 8 8 8 5 5 5 7 7 7 7 7 5 5 5 5 2 2 2 2 2 2 2 2 2 2 2 4 4 4 4 4 4 4 4 4 3 3 23 23 1 1 1 1 1 1 1 45 17 17 17 1 1 1 1 1 1 1 1 1 5 5 5 5 5 5 5 9 9 9 21 21 1 1 1 1 1 15 15 15 48 48 48 48 3 3 3 3 1 1 1 1 5 5 5 5 5 5 5 5 5 4 4 4 4 4 4 4 1 7 7 1 1 1 1 1 1 1 1 1 1 41 41 41 41 37 37 37 9 9 9 9 19 19 19 1 1 1 1 1 1 1 1 1 1 1 1 1 6 6 
69 6 6 6 4 4 4 4 3 3 5 5 5 2 2 2 2 2 2 2 9 9 9 9 9 9 9 1 1 1 1 1 1 1 1 1 1 1 1 1 1 1 1 1 1 1 1 1 1 1 8 8 8 8 5 5 5 5 7 7 7 7 5 5 5 5 2 2 2 2 2 2 2 2 2 8 8 8 4 4 4 4 4 4 4 4 4 4 23 23 23 23 1 1 1 1 1 1 1 17 17 17 1 1 1 1 1 1 1 1 1 1 5 5 5 5 5 2 2 2 2 21 21 1 1 1 1 1 15 15 15 13 13 13 13 3 3 3 3 3 1 1 5 5 5 5 5 5 5 5 5 5 4 4 4 4 4 4 4 7 7 7 7 1 1 1 1 1 1 1 1 1 1 41 41 41 37 37 37 9 9 9 2 19 19 1 1 1 1 1 1 1 1 1 1 1 1 1 1 1 6 
68 6 6 6 6 4 4 3 3 3 3 3 2 2 2 2 2 2 2 2 9 9 9 9 9 9 9 9 1 1 1 1 1 1 1 13 13 1 1 1 1 1 1 1 1 1 1 1 1 1 1 8 8 5 5 5 5 5 7 7 7 5 5 5 5 5 2 2 2 2 2 2 2 2 8 8 8 8 8 4 4 4 4 4 4 4 4 4 23 23 23 23 1 1 1 1 1 1 1 1 2 2 1 1 1 1 1 1 1 1 1 1 1 5 5 2 2 2 2 2 2 2 10 1 1 1 11 11 15 15 15 13 13 13 13 3 3 3 3 3 23 23 5 5 5 5 5 5 5 5 5 5 2 4 4 4 4 4 4 7 7 7 2 1 1 1 1 1 1 1 1 1 1 1 3 3 3 3 3 13 13 2 2 2 1 1 1 1 1 1 1 1 1 1 1 1 1 1 4 4 4 
67 6 6 6 6 6 3 3 3 3 3 3 2 2 2 2 2 2 2 2 32 32 9 9 9 9 9 9 1 1 1 15 15 15 13 13 13 13 1 1 1 1 1 1 1 1 1 1 1 1 1 1 2 2 5 5 5 5 7 7 5 5 5 5 5 5 2 2 2 2 2 2 2 1 8 8 8 8 8 8 4 4 4 4 4 4 4 4 2 12 12 12 1 1 1 1 1 1 1 1 2 2 2 1 1 1 1 1 1 1 1 1 1 1 2 2 2 2 2 2 2 10 10 10 1 11 11 11 11 15 15 3 6 6 6 22 22 22 22 22 23 23 23 5 5 5 5 5 5 5 5 2 2 2 2 4 4 4 4 4 7 2 2 2 1 4 4 1 1 1 8 8 1 1 3 3 3 3 3 13 13 2 2 2 2 1 1 1 1 1 1 1 1 4 4 4 4 4 4 4 4 
66 6 6 6 6 2 2 3 3 3 3 3 2 2 2 2 2 2 2 32 32 32 32 9 9 9 9 1 1 1 1 15 15 15 13 13 13 13 1 1 1 1 1 1 1 1 1 1 1 1 1 2 2 2 2 5 17 17 7 7 5 5 5 5 5 5 2 2 2 2 2 2 1 1 1 8 8 8 8 8 14 4 4 4 4 4 2 2 2 12 12 12 12 1 1 1 1 1 1 1 2 2 2 2 1 1 1 1 1 1 1 1 1 1 49 2 2 2 2 2 10 10 10 10 10 11 11 11 11 3 3 3 6 6 6 22 22 22 22 22 22 23 23 5 5 5 5 8 8 8 8 2 2 2 2 2 4 4 4 4 2 2 2 2 4 4 4 4 4 8 8 8 8 2 2 3 3 3 3 6 13 2 2 2 2 2 1 1 7 7 7 7 4 4 4 4 4 4 4 4 4 
65 6 6 6 2 2 2 2 3 3 3 2 2 2 2 2 2 2 32 32 32 32 32 6 6 6 1 1 1 1 1 15 15 15 15 13 13 13 1 1 1 1 1 1 1 1 1 1 1 1 1 2 2 2 2 17 17 17 17 5 5 5 5 5 5 5 2 2 2 2 2 1 1 1 1 1 1 8 8 14 14 14 4 4 4 2 2 2 2 12 12 12 12 1 1 1 1 1 1 1 2 2 2 2 2 1 1 1 1 1 1 5 5 49 49 49 2 2 2 10 10 10 10 10 10 10 11 11 3 3 3 3 3 6 6 22 22 22 22 22 22 22 5 5 5 5 8 8 8 8 8 2 2 2 2 47 47 4 4 2 2 2 2 2 4 4 4 4 4 8 8 8 2 2 2 2 3 3 6 6 6 2 2 2 2 2 2 7 7 7 7 7 4 4 4 4 4 5 5 5 4 
64 6 6 6 2 2 2 2 2 3 10 2 2 2 2 2 2 47 32 32 32 32 2 2 6 6 1 1 1 1 1 1 15 15 15 13 13 13 1 1 1 1 1 1 1 1 1 1 1 1 2 2 2 2 3 3 17 17 17 5 5 5 5 5 5 7 7 2 13 13 1 1 1 1 1 1 1 1 14 14 14 14 14 30 2 2 2 2 2 43 12 12 39 39 1 1 1 1 1 1 2 2 2 2 2 2 1 10 10 10 5 5 5 49 49 49 2 2 3 10 10 10 10 10 10 10 10 3 3 3 3 3 3 3 3 22 22 22 22 22 22 22 8 8 8 8 8 8 8 8 8 8 2 2 47 47 47 47 2 2 2 2 2 2 4 4 4 4 4 8 8 8 2 2 2 2 2 2 6 6 6 2 2 2 2 2 2 7 7 7 7 7 7 4 4 4 5 5 5 5 5 
63 1 1 2 2 2 2 2 2 10 10 10 2 2 2 2 47 47 47 32 32 2 2 2 2 2 1 1 1 1 1 1 1 2 2 2 2 2 2 1 1 1 1 1 1 1 1 1 1 1 1 2 2 3 3 3 3 17 5 5 5 5 5 5 7 7 7 13 13 13 1 1 1 1 1 1 1 1 14 14 14 14 30 30 30 2 2 2 43 43 43 39 39 39 39 1 1 1 1 1 2 2 2 2 2 2 10 10 10 10 10 5 5 8 8 8 8 3 3 3 10 10 10 10 10 10 10 1 3 3 3 3 3 3 3 22 22 22 22 32 32 32 8 8 8 8 8 8 8 8 8 8 6 6 47 47 47 47 47 2 2 2 2 2 3 4 4 4 4 1 1 1 2 2 2 2 2 2 2 6 6 5 2 2 2 2 46 7 7 7 7 7 7 7 7 7 5 5 5 5 5 
62 1 1 2 2 2 2 2 2 10 10 10 2 2 2 47 47 47 47 47 2 2 2 2 2 2 2 1 1 1 1 1 2 2 2 2 2 2 2 2 2 2 2 1 1 1 1 1 1 1 1 1 1 3 3 3 12 12 5 5 5 5 5 7 7 7 7 13 13 13 13 1 1 1 1 1 1 3 3 3 14 30 30 30 30 7 7 7 43 43 43 39 39 39 3 1 1 1 1 1 2 2 2 2 2 2 10 10 10 10 10 10 8 8 8 8 8 3 3 3 3 3 3 3 3 3 1 1 1 3 3 3 3 3 3 3 22 22 32 32 32 32 8 8 8 8 8 8 8 8 8 8 6 6 47 47 47 47 47 47 2 2 2 3 3 3 3 3 1 1 1 1 1 2 2 2 2 2 2 5 5 5 5 2 2 46 46 46 7 7 7 7 7 7 7 7 7 5 5 28 28 
61 1 40 40 2 2 2 2 2 10 10 10 2 2 18 47 47 47 47 2 2 2 2 2 2 2 2 2 8 8 8 2 2 2 2 2 2 2 2 2 2 2 2 2 1 1 1 1 1 1 1 1 1 1 3 12 12 12 12 5 22 22 22 7 7 7 42 42 13 13 13 13 1 1 1 1 3 3 3 3 3 30 30 30 19 7 7 7 7 43 12 12 12 3 3 3 1 1 1 1 2 2 2 2 2 2 10 10 10 10 10 2 2 8 8 8 8 3 3 3 3 3 3 3 3 3 1 1 1 1 3 3 3 3 3 3 3 32 32 32 32 32 8 8 8 8 8 8 8 8 8 2 2 13 13 13 47 47 47 47 47 2 3 3 3 3 3 3 3 1 1 1 1 1 2 2 27 27 27 5 5 5 5 5 5 46 46 46 7 7 7 7 7 7 7 7 7 7 28 28 28 
60 40 40 40 25 2 2 2 2 4 4 4 4 18 18 18 47 47 47 2 2 2 2 2 2 2 2 8 8 8 8 8 2 2 2 2 2 2 2 2 2 2 2 2 1 1 1 1 1 1 1 1 1 1 1 12 12 12 12 22 22 22 22 2 2 42 42 42 42 13 13 13 13 1 3 3 3 3 3 3 3 3 19 19 19 19 7 7 7 7 12 12 12 12 3 3 1 1 1 1 2 2 2 2 2 2 10 10 10 39 39 2 2 2 8 8 3 3 3 3 3 3 3 3 3 3 1 1 1 1 1 3 3 3 3 3 6 6 32 32 32 32 19 19 8 8 8 8 8 8 2 2 2 13 13 13 13 47 47 47 47 47 3 3 3 3 3 3 3 3 1 1 1 1 1 27 27 27 27 5 5 5 5 5 5 5 13 13 7 7 7 7 7 7 7 7 7 7 7 28 28 
59 25 25 25 25 25 2 2 4 4 4 4 4 18 18 18 47 47 9 9 2 2 2 2 2 2 8 8 8 8 8 8 8 2 2 2 2 2 2 2 2 2 2 2 1 1 1 1 1 1 1 1 1 1 1 4 12 12 6 6 22 22 2 2 2 42 42 42 42 13 13 13 13 3 3 3 3 6 6 3 3 3 19 19 19 19 3 3 7 7 12 12 12 12 14 14 1 1 1 1 2 2 2 2 2 2 2 10 39 39 39 2 2 2 2 2 3 3 3 3 3 3 3 3 3 3 1 1 1 1 1 1 3 13 13 6 6 6 6 1 1 1 19 19 19 8 1 1 1 1 2 2 2 2 13 13 30 30 30 47 47 47 3 3 3 3 3 3 3 3 3 1 1 1 4 4 27 27 27 5 5 5 5 5 5 5 13 13 13 7 7 7 7 7 7 7 7 7 7 7 28 
58 25 25 25 25 25 1 1 4 4 4 4 2 2 2 11 11 9 9 9 9 2 4 4 4 4 8 8 8 8 8 8 8 3 3 3 2 2 2 2 2 2 2 2 1 1 1 1 1 1 1 1 1 1 4 4 4 4 6 6 6 6 2 2 2 42 42 42 38 38 2 2 2 2 3 3 6 6 6 6 6 43 43 19 19 3 3 3 3 7 11 12 12 14 14 14 1 1 1 1 2 2 2 2 2 2 2 2 39 39 39 2 2 2 2 39 39 3 3 3 3 3 3 3 3 3 3 1 1 1 1 1 13 13 13 6 6 6 6 1 1 1 1 19 19 1 1 1 1 1 2 2 2 2 2 30 30 30 30 30 7 7 3 3 3 3 46 46 3 3 3 3 39 4 4 4 4 4 12 12 12 5 5 5 3 3 13 13 8 8 8 8 7 7 7 7 7 7 7 17 11 
57 3 3 3 20 20 1 1 1 4 4 6 2 2 2 11 11 9 9 9 9 4 4 4 4 4 4 8 8 8 8 8 3 3 3 3 3 2 2 2 5 5 5 5 5 1 1 1 1 1 1 1 1 4 4 4 4 4 6 6 6 6 6 2 42 42 42 38 38 38 2 2 2 2 2 2 6 6 6 6 6 43 43 43 3 3 3 3 3 11 11 11 11 14 14 14 3 1 1 1 2 2 2 2 2 2 2 2 2 39 45 45 2 2 39 39 39 39 1 1 1 1 3 3 3 3 3 3 1 1 1 1 13 13 13 6 6 6 1 1 1 1 1 1 1 1 1 1 1 1 2 2 2 2 2 30 30 30 30 7 7 7 7 3 3 46 46 46 46 3 3 39 39 39 4 4 4 4 12 12 12 12 3 3 3 3 3 8 8 8 8 8 8 8 7 7 12 12 12 11 11 
56 3 3 3 20 20 20 1 1 1 6 6 6 2 11 11 11 9 9 9 4 4 4 4 4 4 4 4 8 8 8 3 3 3 3 3 1 1 2 5 5 5 5 5 5 5 1 1 1 1 1 4 4 4 4 4 4 4 6 6 6 6 15 15 42 42 42 38 38 38 2 2 2 2 2 2 2 6 6 6 6 43 43 43 3 3 3 3 3 11 11 11 11 11 14 3 3 3 3 3 2 2 2 2 2 2 2 2 2 45 45 45 45 45 39 39 39 39 1 1 1 1 1 3 3 3 3 3 1 1 1 1 13 13 13 6 6 1 1 1 1 1 1 1 1 1 1 1 1 1 1 2 2 1 1 1 19 19 19 7 7 7 7 7 46 46 46 46 46 24 24 39 39 39 39 4 4 4 4 12 12 12 3 3 3 3 3 8 8 8 8 8 8 8 8 12 12 12 12 11 11 
55 3 3 3 3 20 20 1 1 1 6 6 6 6 11 11 11 9 9 4 4 4 4 4 4 4 4 4 4 8 3 3 3 3 3 1 1 1 5 5 5 5 5 5 5 5 5 1 1 1 4 4 4 4 15 15 15 15 15 15 15 15 15 15 1 1 1 38 38 2 2 2 2 2 2 2 2 2 6 6 6 1 1 1 3 3 3 3 3 3 11 11 11 11 3 3 3 3 3 3 3 2 2 2 2 2 2 2 2 45 45 45 45 45 39 39 39 39 1 1 1 1 1 1 3 3 3 7 1 1 1 1 13 13 13 1 1 1 1 1 1 1 1 1 1 1 1 1 1 1 1 1 1 1 1 1 19 19 19 7 7 7 7 7 46 46 46 46 24 24 24 24 39 39 16 16 4 4 4 4 4 4 3 3 3 3 3 3 8 8 8 8 8 8 8 12 12 12 12 12 11 
54 3 3 3 3 3 1 1 1 1 1 6 6 4 4 4 4 48 48 4 4 4 4 4 4 4 4 4 4 4 3 3 3 13 13 1 1 1 5 5 5 5 5 5 5 5 5 5 1 17 4 4 4 15 15 15 15 15 15 15 15 15 15 15 1 1 1 1 2 2 2 2 2 2 2 2 2 29 29 6 6 1 1 1 1 3 3 3 3 3 3 3 3 3 3 3 3 3 3 3 3 3 2 2 2 2 2 2 21 45 45 45 45 45 2 2 2 1 1 1 1 1 1 1 3 3 7 7 7 2 2 2 2 2 2 1 1 1 1 1 1 1 1 1 1 1 1 1 1 1 1 1 1 1 1 1 1 19 19 7 7 7 2 2 46 46 46 24 24 24 24 24 24 16 16 16 16 4 4 4 4 4 4 3 3 3 3 3 3 8 8 8 8 8 8 12 12 12 12 12 12 
53 3 3 3 3 3 9 1 1 1 1 1 4 4 4 4 4 48 48 48 4 4 4 4 4 4 4 4 4 4 4 3 13 13 13 13 1 5 5 5 5 5 5 5 5 5 5 5 17 17 17 4 1 15 15 15 15 15 15 15 15 15 15 15 1 1 1 1 2 2 2 2 2 2 2 2 29 29 29 29 1 1 1 1 1 1 3 3 3 3 3 3 3 3 3 3 3 3 3 3 3 1 1 1 1 1 2 21 21 21 45 45 45 2 2 2 2 1 1 1 1 1 1 8 8 7 7 7 2 2 2 2 2 2 2 2 1 1 1 1 1 1 1 1 1 1 1 1 1 1 1 1 1 1 1 1 1 8 8 8 8 2 2 2 2 20 20 20 24 24 24 24 24 16 16 16 16 16 4 4 4 4 4 4 3 3 3 3 3 8 8 8 8 16 16 12 12 12 12 12 12 
52 3 3 3 3 9 9 9 1 1 1 4 4 4 4 4 4 48 48 48 4 4 4 4 4 4 4 4 4 4 4 4 13 13 13 6 6 5 5 5 5 5 5 27 27 5 5 17 17 17 17 1 1 1 15 15 15 15 15 15 15 15 15 15 24 1 1 4 2 2 2 2 2 1 1 1 29 29 29 29 1 1 1 1 1 1 1 1 1 1 3 3 3 3 3 3 3 3 3 3 1 1 1 1 1 1 1 21 21 21 21 17 17 2 2 2 2 1 1 1 1 1 8 8 8 7 7 7 2 2 2 2 2 2 2 2 2 2 1 1 1 1 1 2 2 2 1 1 1 1 1 1 1 11 11 11 11 8 8 8 2 2 2 2 2 20 20 20 6 6 6 6 6 16 16 16 16 16 7 7 4 4 4 4 4 3 3 3 6 6 8 8 16 16 16 16 12 32 32 32 12 
51 3 30 30 30 9 9 3 3 3 3 4 4 4 4 4 4 7 48 48 4 4 4 4 4 4 4 4 4 4 4 2 2 6 6 6 6 2 2 2 2 2 27 27 27 27 17 17 17 17 17 1 1 1 1 15 15 15 15 15 15 3 3 24 24 24 4 4 4 2 2 2 1 1 1 1 1 29 16 16 1 1 1 1 1 1 1 1 1 1 1 3 3 3 3 3 3 3 3 10 1 1 1 1 1 1 1 1 21 21 17 17 17 17 2 2 2 1 1 1 1 12 8 8 31 7 7 7 2 2 2 2 2 2 2 2 2 2 2 1 1 1 2 2 2 2 2 2 50 50 50 1 11 11 11 11 11 11 8 2 2 2 2 2 2 20 20 20 6 6 6 6 6 16 16 16 16 7 7 7 7 4 4 4 4 1 1 6 6 6 3 3 16 16 16 16 32 32 32 32 32 
50 30 30 30 30 4 4 3 3 3 3 4 4 4 4 4 7 7 7 4 4 4 4 4 4 4 4 4 4 4 2 2 2 6 6 6 6 2 2 2 2 2 27 27 27 27 17 17 17 17 17 17 1 1 1 1 15 15 15 15 3 3 3 24 24 24 4 4 4 2 2 2 1 1 1 1 1 16 16 16 1 1 1 1 1 1 1 1 1 1 1 1 3 3 6 6 3 3 10 10 10 1 1 1 1 1 1 1 1 1 17 17 17 17 22 22 22 6 6 6 12 12 12 31 31 31 7 7 2 2 2 2 2 2 2 2 2 2 2 2 2 2 2 2 2 2 2 2 50 50 20 20 11 11 11 11 11 1 1 2 2 2 2 2 2 1 1 1 6 6 6 6 1 1 16 16 16 7 7 7 7 4 4 4 1 1 1 6 6 6 3 3 3 16 16 32 32 32 32 32 32 
49 30 30 30 4 4 4 4 3 3 3 4 4 4 4 7 7 7 7 7 4 4 4 4 24 24 4 4 4 4 2 2 6 6 6 6 6 2 2 2 2 2 11 11 11 10 10 17 17 17 17 17 1 1 1 20 20 15 15 3 3 3 3 24 24 24 4 4 4 2 2 1 1 1 1 1 1 16 16 16 1 1 1 1 1 6 6 1 1 1 1 1 1 6 6 6 6 10 10 10 10 1 1 1 1 1 1 1 1 1 1 4 4 4 22 22 22 6 6 6 12 12 12 31 31 31 7 7 4 2 2 2 2 2 2 2 2 2 2 2 2 2 2 2 2 2 2 2 2 20 20 20 20 11 11 11 1 1 1 1 2 2 2 2 2 1 1 1 8 8 8 1 1 1 1 9 9 9 7 7 7 7 4 4 1 1 1 6 6 3 3 3 3 3 3 32 32 32 32 32 32 
48 4 4 4 4 4 4 4 4 3 3 4 4 4 5 7 7 7 7 1 1 4 4 24 24 24 24 7 7 7 7 6 6 6 6 6 1 1 1 2 2 7 11 11 11 10 10 10 17 17 17 17 17 1 20 20 20 20 20 20 3 3 3 24 24 24 4 4 4 1 1 1 1 1 1 1 1 1 16 6 6 1 1 6 6 6 6 6 1 1 1 1 1 6 6 6 6 10 10 10 4 1 1 1 1 1 1 1 1 1 1 4 4 4 22 22 22 6 6 6 2 2 2 2 31 4 4 4 4 4 2 2 2 2 2 2 2 2 2 2 2 2 2 2 2 2 2 2 2 20 20 20 20 4 4 1 1 1 1 1 1 2 28 28 28 46 46 46 46 8 8 1 1 1 1 9 9 9 9 7 7 7 7 8 8 1 40 40 40 3 3 3 3 3 3 32 32 32 32 32 32 
47 4 4 4 4 4 4 4 4 4 8 8 4 5 5 5 7 7 1 1 1 1 1 24 24 24 7 7 7 7 7 6 6 6 6 1 1 1 1 1 7 7 7 11 11 10 10 10 17 17 17 17 35 35 20 20 20 20 20 20 15 15 15 24 24 24 1 1 1 1 1 1 1 1 1 1 1 1 6 6 6 6 6 6 6 6 6 6 1 1 1 1 1 6 6 6 6 4 4 4 4 4 1 1 1 1 1 1 1 1 1 4 4 4 3 22 22 3 2 2 2 2 2 2 2 4 4 4 4 4 4 2 2 2 16 16 2 2 2 2 2 2 2 2 2 2 2 2 2 2 20 20 20 4 4 4 1 1 1 1 1 28 28 28 28 46 46 46 46 46 1 1 1 1 1 1 9 9 9 7 7 7 7 8 8 40 40 40 40 3 3 3 3 3 3 34 32 32 32 32 32 
46 4 4 4 4 4 4 4 4 8 8 8 8 5 5 5 2 2 1 1 1 1 1 1 24 24 7 7 7 7 7 6 6 6 6 1 1 1 1 1 7 7 7 7 7 7 7 7 24 24 24 35 35 35 20 20 20 20 20 15 15 15 15 15 11 11 1 1 1 1 1 1 1 1 1 1 1 5 5 6 6 6 6 6 6 6 6 6 1 1 1 1 1 6 6 6 6 4 4 4 4 2 2 1 1 1 1 1 1 1 1 1 4 3 3 3 3 3 2 2 2 2 2 2 2 2 4 4 4 4 24 24 24 16 16 16 16 2 2 2 2 2 2 2 2 2 2 2 2 2 2 2 2 2 4 31 31 1 1 4 4 4 28 28 28 46 46 46 46 46 1 1 1 1 1 1 1 1 1 1 4 4 4 4 40 40 40 40 40 3 3 3 3 3 34 34 34 25 25 14 14 
45 2 2 2 2 2 2 2 2 8 8 8 8 8 2 2 2 2 2 1 1 1 1 1 1 43 43 7 7 7 6 6 6 6 1 1 1 1 1 1 1 7 7 7 7 7 7 7 24 24 4 35 35 35 9 9 9 9 9 15 15 15 15 23 11 11 11 1 1 1 1 1 1 1 1 1 5 5 5 5 6 6 6 6 6 6 6 1 1 1 1 1 1 1 6 6 6 4 4 4 2 2 2 2 2 1 1 1 1 1 1 1 3 3 3 3 3 3 1 1 2 2 2 2 2 2 8 8 8 24 24 24 24 16 16 16 16 2 2 2 2 2 2 2 2 2 2 2 2 2 2 2 2 2 31 31 31 31 4 4 4 4 4 14 14 4 4 4 4 46 1 1 1 1 1 1 1 1 1 1 4 4 4 4 40 40 40 40 40 11 11 11 11 34 34 34 34 25 25 14 14 
44 2 2 2 2 2 2 2 2 8 8 8 8 2 2 2 2 2 2 2 2 1 1 1 43 43 43 32 32 5 5 6 6 6 1 1 1 1 1 1 1 18 18 18 7 7 7 3 3 4 4 4 35 9 9 9 9 9 9 15 15 15 23 23 23 11 11 1 1 1 1 1 6 6 6 5 5 5 5 5 5 6 6 6 6 6 1 1 1 1 1 1 1 1 1 25 30 30 4 2 2 2 2 2 2 2 1 1 1 1 1 1 3 3 3 3 3 1 1 1 1 2 5 5 5 5 8 8 8 24 24 24 18 18 16 16 16 16 2 2 2 2 26 26 2 2 1 1 1 2 2 2 2 2 31 31 31 4 4 4 4 4 4 14 14 4 4 4 4 4 1 1 1 1 1 1 1 1 1 1 1 4 4 1 1 40 40 40 40 11 11 11 11 34 34 34 34 5 5 21 21 
43 2 2 2 2 2 2 2 2 2 8 8 2 2 2 2 2 2 2 2 2 2 1 43 43 43 43 32 32 5 5 5 6 6 11 11 1 1 1 1 18 18 18 18 18 3 3 3 3 4 4 4 4 9 9 9 9 9 9 1 1 1 23 23 23 23 11 1 1 1 1 6 6 6 6 6 5 5 5 5 13 6 6 6 6 1 1 1 1 1 1 1 1 1 25 25 30 30 30 2 2 2 2 2 2 2 2 2 1 1 1 3 3 3 3 3 6 6 1 1 1 5 5 5 5 5 5 8 1 1 1 1 18 18 18 16 16 16 16 2 2 26 26 26 26 1 1 1 1 1 2 2 2 2 31 1 1 4 4 4 4 4 4 6 6 4 4 4 4 4 1 1 1 1 1 1 1 1 1 1 1 1 1 1 1 1 1 1 11 11 11 11 11 34 34 34 5 5 5 21 21 
42 4 4 4 2 2 2 2 2 2 2 2 2 2 2 2 2 2 2 2 2 2 2 43 43 43 43 6 5 5 5 5 39 11 11 11 11 1 34 34 18 18 18 18 18 3 3 3 3 4 4 4 4 9 9 9 9 9 1 1 1 1 23 23 23 23 23 1 1 1 6 6 6 6 6 6 6 6 6 13 13 13 6 6 6 1 1 1 1 1 1 1 1 1 1 25 30 30 30 1 1 1 1 2 2 2 2 2 2 1 3 3 3 3 3 6 6 6 2 2 2 5 5 5 5 5 5 1 1 1 1 1 1 18 18 16 16 16 16 3 3 26 26 26 4 4 1 1 1 1 1 31 31 31 1 1 1 1 4 4 4 4 6 6 6 6 4 4 4 1 1 1 1 1 1 1 1 1 1 1 1 1 1 1 1 1 1 1 11 11 11 11 11 11 34 5 5 5 5 21 21 
41 4 4 4 4 2 2 2 2 2 2 2 2 2 2 2 2 2 2 2 2 2 2 2 43 43 6 6 6 5 5 39 39 39 11 11 11 34 34 34 18 18 18 18 18 3 3 3 3 4 4 4 4 4 9 9 9 1 1 1 1 1 1 23 23 23 23 6 6 6 6 6 6 6 6 6 6 6 6 13 13 13 18 18 18 1 1 1 1 1 1 1 1 1 1 1 1 1 1 1 1 1 1 1 2 2 2 2 2 2 3 3 9 9 6 6 6 6 2 2 2 2 5 5 5 5 1 1 1 1 1 1 1 1 1 12 12 12 3 3 3 3 4 4 4 4 4 1 1 1 31 31 31 31 1 1 1 1 1 4 4 6 6 6 6 6 2 2 2 2 1 1 1 1 1 1 1 1 1 1 1 1 1 1 1 1 1 1 1 11 11 11 11 11 5 5 5 5 2 2 2 
40 4 4 4 4 4 2 2 2 2 2 2 2 2 2 2 2 2 2 2 2 2 2 2 2 6 6 6 6 6 39 39 39 39 39 11 11 34 34 34 18 18 18 18 18 3 3 3 3 4 4 4 4 4 1 1 1 1 1 1 1 1 1 23 23 23 23 6 6 6 6 6 6 6 6 6 6 6 3 3 1 1 18 18 18 18 1 1 1 1 1 1 1 1 1 1 1 1 1 1 1 1 1 1 1 2 2 2 2 2 3 9 9 9 9 6 6 2 2 2 2 2 2 2 2 1 1 1 1 1 1 1 1 1 1 12 12 12 3 3 3 3 4 4 4 4 4 4 1 31 31 31 31 31 1 1 1 1 1 11 11 6 6 6 6 6 2 2 2 2 2 1 1 1 1 1 1 1 1 1 1 1 1 1 1 1 1 1 1 11 11 11 11 11 5 5 5 2 2 2 2 
39 4 4 4 4 4 2 2 2 2 2 2 2 2 2 2 2 2 2 2 2 2 2 2 2 6 6 6 6 6 39 39 39 39 39 10 10 10 34 34 18 18 18 18 11 11 3 3 3 4 4 4 4 4 1 1 1 1 1 1 1 1 1 1 23 23 23 6 6 6 6 6 6 6 2 2 2 2 3 3 1 1 18 18 18 18 18 1 1 1 1 1 1 1 1 1 1 1 1 1 1 1 1 1 3 3 3 2 2 8 8 9 9 9 9 9 2 2 2 2 2 2 2 2 2 1 1 1 1 1 1 1 1 1 1 1 12 12 3 3 3 3 4 4 4 4 4 4 4 31 31 31 31 31 10 10 10 1 11 11 11 6 6 6 6 6 2 2 2 2 2 2 1 1 1 1 1 1 1 1 1 1 1 1 1 1 1 1 1 1 11 35 35 35 35 5 2 2 2 2 2 
38 4 4 4 4 4 2 2 2 2 2 2 2 2 2 2 2 2 2 2 2 2 2 2 6 6 6 6 6 6 6 39 39 39 10 10 10 10 10 10 4 4 4 11 11 11 13 13 13 13 4 4 4 1 1 1 1 1 1 1 1 1 1 1 1 23 23 6 6 6 6 6 6 2 2 2 2 2 2 1 1 1 1 18 18 18 18 1 1 1 1 1 1 1 1 1 1 1 1 1 1 1 1 3 3 3 3 3 8 8 8 8 9 9 9 9 2 2 2 2 2 2 2 2 2 1 1 1 1 1 1 1 1 1 1 1 1 44 44 3 3 3 4 4 4 4 4 4 4 31 31 31 31 10 10 10 10 10 11 11 11 11 6 6 6 6 24 2 2 2 2 2 1 1 1 1 1 1 1 1 1 1 1 1 1 1 1 1 1 1 35 35 35 35 35 2 2 2 2 2 2 
37 4 4 4 4 4 4 2 2 2 2 2 2 2 2 2 2 2 2 2 2 5 5 5 6 6 6 6 6 6 6 1 1 1 10 10 10 10 10 10 4 4 4 11 11 13 13 13 13 13 13 13 13 1 1 1 1 1 1 1 1 1 1 1 1 1 27 27 6 6 6 6 9 2 2 2 2 2 2 2 1 1 1 1 9 9 9 1 1 1 1 1 1 1 1 1 1 1 1 1 1 1 3 3 3 3 3 3 8 8 8 8 8 9 9 2 2 2 2 2 2 2 2 2 2 1 1 1 1 1 1 1 1 1 1 1 1 44 44 44 29 29 4 4 4 4 4 10 10 10 7 7 7 10 10 10 10 10 2 11 11 11 6 6 6 24 24 24 2 2 2 2 2 1 1 1 1 1 1 1 1 1 1 1 1 1 1 1 1 1 35 35 35 35 16 2 2 2 2 2 2 
36 4 4 4 4 4 4 2 2 2 2 2 2 2 2 2 2 2 28 28 5 5 5 5 5 6 6 6 6 6 6 1 1 1 10 10 10 10 10 10 4 4 4 47 47 13 13 13 13 13 13 13 13 13 1 1 1 1 1 1 1 1 1 1 1 1 27 27 27 6 6 9 9 9 2 2 2 2 2 2 2 1 1 1 9 9 9 1 1 1 1 1 1 1 1 1 1 1 1 1 1 8 3 3 3 3 3 3 6 8 8 8 8 2 2 2 2 2 2 2 2 2 2 2 2 1 1 1 1 1 1 1 1 1 1 1 1 1 44 29 29 29 29 4 4 4 10 10 10 10 7 7 7 10 10 10 10 2 2 2 2 2 2 2 24 24 24 24 2 2 2 2 2 1 1 1 1 1 1 1 1 1 1 1 1 1 12 12 1 1 41 41 41 16 16 16 2 2 2 2 2 
35 4 4 4 4 4 4 1 1 1 1 1 1 2 2 2 2 28 28 28 28 5 5 5 5 6 6 6 6 6 1 1 1 1 10 10 10 10 10 10 4 4 47 47 47 13 13 13 13 13 13 13 13 13 1 1 1 1 1 1 1 1 1 1 1 1 27 27 27 8 8 9 9 9 2 2 2 2 2 2 2 2 1 24 9 9 9 1 1 1 1 1 1 1 1 1 1 1 1 1 8 8 8 3 3 3 3 6 6 6 8 8 2 2 2 2 2 2 2 2 2 2 2 2 2 1 1 1 1 1 1 1 1 1 1 1 1 1 42 29 29 29 12 12 12 12 10 10 10 10 7 7 7 5 5 5 2 2 2 2 2 2 2 2 24 24 24 24 2 2 2 2 2 2 1 1 1 1 1 1 1 1 1 2 2 12 12 12 12 41 41 41 41 16 16 16 2 2 2 2 2 
34 4 4 4 4 4 1 1 1 1 1 1 1 1 2 6 6 28 28 28 1 1 1 1 8 8 6 6 6 6 1 1 1 1 1 10 10 10 10 10 1 1 47 47 47 13 13 13 13 13 13 13 13 13 39 39 1 1 1 1 1 1 1 1 1 1 27 27 27 8 8 8 9 9 2 2 2 2 2 2 2 2 24 24 24 9 9 1 1 1 1 1 1 1 1 1 1 1 5 5 8 8 8 32 32 32 6 6 6 6 6 2 2 2 2 2 2 2 2 2 2 2 2 2 1 1 1 1 1 1 1 1 1 1 1 1 1 42 42 42 29 12 12 12 12 12 12 10 10 10 7 7 7 5 5 5 2 2 2 2 2 2 2 2 2 24 24 2 2 2 2 2 2 2 1 1 1 1 1 1 1 1 2 2 2 12 12 12 12 45 41 41 20 20 16 2 2 2 2 2 2 
33 4 4 4 4 1 1 1 1 1 1 1 1 1 6 6 6 6 28 1 1 1 1 1 8 8 8 6 6 19 1 1 1 1 1 1 10 10 10 1 1 1 47 47 47 13 13 13 13 13 13 13 13 39 39 39 39 1 1 1 1 1 1 1 1 27 27 27 27 27 8 8 15 15 15 2 2 2 2 2 2 2 24 24 24 3 3 3 1 1 1 1 1 1 1 1 1 5 5 5 5 8 32 32 32 32 6 6 6 6 6 2 2 2 2 2 2 2 2 2 2 2 2 1 1 1 1 1 1 1 1 1 1 1 1 1 42 42 42 1 1 1 12 12 12 12 12 37 37 37 7 7 7 5 5 5 2 2 2 2 2 2 2 2 2 2 2 2 2 2 2 2 2 2 1 1 1 1 1 1 1 1 2 2 2 14 14 14 45 45 45 20 20 20 20 2 2 2 2 2 2 
32 1 1 1 1 1 1 1 1 1 1 1 1 1 6 6 6 6 1 1 1 1 1 37 8 8 8 8 19 19 19 1 1 1 1 1 1 1 1 1 1 1 1 47 35 35 35 35 13 13 13 13 39 39 39 39 39 22 1 1 1 1 4 4 4 27 27 27 27 27 27 46 15 15 15 9 2 2 2 2 2 2 2 24 24 3 3 5 5 1 1 1 1 1 1 3 3 5 5 5 5 5 32 32 32 32 6 6 6 6 6 2 2 2 2 2 2 2 2 2 2 2 1 1 1 1 1 1 1 3 3 3 1 1 6 6 42 42 1 1 1 1 1 5 5 5 37 37 37 37 37 7 7 49 49 49 2 2 2 2 2 2 2 2 2 2 2 2 2 2 2 2 2 2 2 1 1 1 1 1 1 1 2 2 14 14 14 14 45 45 45 20 20 20 20 2 2 2 2 2 2 
31 1 1 1 1 1 2 2 1 1 1 1 1 1 6 6 6 6 1 1 1 1 37 37 37 8 8 8 19 19 19 15 1 1 1 1 1 1 1 1 1 1 1 1 35 35 35 35 35 13 28 28 39 39 39 39 22 22 22 4 4 4 4 4 4 4 27 27 27 27 46 46 46 15 9 9 9 2 2 2 2 2 2 2 24 5 5 5 5 5 1 1 1 1 3 3 3 5 5 5 5 5 32 32 13 13 13 6 6 6 6 2 2 2 2 2 2 2 2 2 2 1 1 1 1 1 1 1 3 3 3 3 3 6 6 6 1 1 1 1 1 1 1 5 5 5 37 37 37 37 37 25 25 49 49 49 49 2 2 2 2 2 2 2 2 15 15 15 2 2 2 2 2 2 2 2 1 1 1 1 1 1 1 14 14 14 14 14 14 45 45 20 20 20 20 2 2 2 2 2 2 
30 2 2 2 2 2 2 2 2 1 1 1 1 1 6 6 6 6 6 1 1 37 37 37 37 37 8 8 19 19 15 15 15 1 1 1 1 1 1 1 1 1 1 19 19 35 35 35 35 28 28 28 28 39 39 39 22 22 4 4 4 4 4 4 4 4 2 2 16 16 46 46 46 1 1 9 9 2 2 2 2 2 2 2 2 5 5 5 5 5 5 1 1 3 3 3 3 5 5 5 5 5 1 13 13 13 13 13 3 3 2 2 2 2 2 2 2 2 2 2 1 1 1 1 1 1 1 3 3 3 3 3 3 6 6 1 1 1 1 1 1 1 1 5 5 5 5 37 37 5 5 25 25 49 49 49 26 26 26 2 2 2 2 2 15 15 15 15 15 2 2 2 2 2 2 2 2 1 1 1 1 1 1 14 14 14 14 14 14 4 4 20 20 20 16 16 2 2 2 2 2 
29 2 2 2 2 2 2 2 2 1 1 1 1 1 6 6 6 6 6 11 11 37 37 37 37 1 1 1 1 15 15 15 15 15 22 22 22 22 1 1 1 1 19 19 19 19 35 35 28 28 28 28 28 39 39 39 4 4 4 4 4 4 4 4 4 4 2 2 16 16 1 1 1 1 1 1 2 2 2 2 2 2 2 2 2 5 5 5 5 5 5 16 16 3 3 3 12 12 5 5 1 1 1 13 13 13 13 8 3 3 2 2 2 2 2 2 2 2 2 2 1 1 1 1 1 1 3 3 3 3 3 3 3 1 1 1 1 1 1 1 1 1 1 5 5 5 5 5 5 5 5 13 13 13 13 26 26 26 26 26 2 2 2 15 15 15 15 15 15 15 2 2 2 2 2 2 2 7 7 1 1 1 1 1 14 14 14 14 4 4 4 4 16 16 16 16 16 2 18 18 18 
28 2 2 2 2 2 2 2 2 1 1 1 1 1 1 6 6 6 11 11 11 11 37 37 1 1 1 1 1 15 15 15 15 22 22 22 22 22 22 1 4 4 19 19 19 19 3 3 28 28 28 28 28 39 39 7 4 4 4 4 4 4 4 4 4 1 1 1 1 1 1 1 1 1 1 1 2 2 2 2 2 2 2 2 2 4 4 4 4 4 4 16 16 35 35 12 12 12 1 1 1 1 1 1 13 13 8 8 8 2 2 2 2 2 2 2 2 2 2 2 2 1 32 32 32 3 3 3 3 3 3 3 3 1 1 1 1 1 1 1 1 1 1 1 5 5 7 7 7 5 13 13 13 13 13 26 26 26 26 26 11 11 11 15 15 15 15 15 15 15 4 4 2 2 3 3 3 7 7 7 1 1 1 1 1 2 2 2 4 4 4 4 16 16 16 16 16 18 18 18 18 
27 2 2 2 2 2 2 2 2 2 1 1 1 1 1 1 6 11 11 11 11 11 11 1 1 1 1 1 1 1 15 15 22 22 22 22 22 22 22 4 4 4 19 19 19 19 3 3 24 28 28 28 28 39 7 7 7 4 4 4 4 4 4 1 1 1 1 1 1 1 1 1 1 1 1 1 1 2 2 2 2 2 2 2 4 4 4 4 4 4 4 4 35 35 35 35 12 8 1 1 1 1 1 1 1 8 8 8 8 2 2 2 2 2 2 2 2 2 2 2 2 32 32 32 32 3 3 3 3 3 3 3 3 1 1 1 1 1 1 1 1 1 1 1 1 7 7 7 7 7 13 13 13 13 13 13 26 26 26 26 11 11 11 15 15 15 15 15 15 15 4 4 4 3 3 3 3 3 45 45 3 3 3 1 1 2 2 2 6 6 6 6 6 16 16 16 18 18 18 18 18 
26 2 2 2 2 2 2 2 2 2 1 1 1 1 1 1 11 11 11 11 11 11 11 1 1 1 1 1 1 1 25 22 22 22 22 22 22 22 4 4 4 4 8 8 19 19 24 24 24 24 24 24 8 8 7 7 7 7 4 4 4 4 1 1 1 1 1 1 1 1 1 1 1 1 1 1 1 1 2 2 2 2 2 41 4 4 4 4 4 4 4 4 35 35 35 35 8 8 8 1 1 1 1 1 1 8 8 8 8 2 2 2 2 2 2 2 2 2 2 2 2 32 32 32 32 3 3 3 3 3 3 8 8 1 1 1 1 1 1 1 1 1 1 1 1 7 7 7 7 7 13 13 13 13 13 20 20 1 1 1 1 11 11 15 15 15 15 15 15 15 1 4 3 3 3 3 3 45 45 45 3 3 3 3 18 18 2 6 6 6 6 6 6 6 16 18 18 18 18 18 18 
25 2 2 2 2 2 2 2 2 2 3 25 3 3 3 3 11 11 11 11 11 8 8 1 1 1 1 1 1 1 1 1 22 22 22 22 4 4 4 4 4 8 8 8 8 8 24 24 24 24 24 24 8 8 7 7 7 7 7 4 4 1 1 1 1 1 1 1 1 1 1 1 1 1 1 1 1 1 1 2 28 28 41 41 41 4 4 4 1 1 1 1 1 35 35 35 8 8 5 1 1 1 1 1 1 8 8 8 8 2 2 2 2 2 2 2 2 2 2 2 15 15 32 32 32 3 3 3 3 3 8 8 8 8 1 1 1 1 1 1 1 1 1 1 1 9 7 7 7 7 6 6 6 6 20 20 20 1 1 1 1 1 1 15 15 15 15 15 15 1 1 1 3 3 3 3 45 45 45 45 45 3 3 3 18 18 6 6 6 6 6 6 6 6 6 18 18 18 18 18 18 
24 2 2 2 2 2 2 3 3 3 3 3 3 3 3 3 11 11 11 11 8 8 8 8 1 1 1 1 1 1 1 1 1 41 22 4 4 4 4 39 39 8 8 8 8 8 24 24 24 24 24 24 8 8 7 7 7 7 21 21 1 1 1 1 1 1 1 1 1 1 1 1 1 1 1 1 1 1 1 1 28 28 5 41 41 1 1 1 1 1 1 1 1 1 1 1 5 5 5 5 1 1 1 1 1 47 8 8 12 12 2 2 2 6 6 2 2 2 2 15 15 15 6 6 6 7 3 3 3 8 8 8 8 8 1 1 1 1 1 1 1 1 1 1 9 9 9 5 5 5 6 6 6 6 20 20 20 1 1 1 1 1 1 1 15 15 15 15 1 1 1 1 2 2 2 2 45 45 45 45 45 3 3 3 3 18 6 6 6 6 6 6 6 6 4 4 18 18 18 18 18 
23 41 41 2 2 2 3 3 3 3 3 3 3 3 3 3 3 11 11 8 8 8 8 8 8 1 1 1 1 1 1 1 41 41 41 4 4 4 39 39 39 39 8 8 8 3 3 24 24 24 24 11 11 11 11 7 7 21 21 21 1 1 1 1 1 1 1 1 1 1 1 1 1 1 1 1 1 1 1 1 28 5 5 5 1 1 1 1 1 1 1 1 1 1 1 1 5 5 5 5 5 1 1 1 47 47 47 12 12 12 38 38 6 6 6 6 2 2 15 15 15 15 6 6 7 7 7 7 7 8 8 8 8 1 1 1 1 1 1 1 1 1 1 1 9 9 5 5 5 5 5 6 6 6 20 20 20 1 1 1 1 1 1 1 1 1 1 1 1 1 1 1 2 2 2 2 2 45 45 45 45 3 3 3 3 3 6 6 6 6 6 9 9 4 4 4 4 4 16 16 16 
22 41 41 41 8 8 3 3 3 3 3 3 3 3 3 3 3 2 2 8 8 8 8 8 8 4 4 1 1 1 8 8 41 41 41 41 1 1 39 39 39 39 39 3 3 3 3 3 19 19 19 11 11 11 11 11 21 21 21 21 1 1 1 1 5 5 5 1 1 1 1 1 1 1 1 1 1 1 1 1 1 1 5 1 1 1 1 1 1 1 1 1 1 1 1 1 16 5 5 5 5 5 2 2 47 47 47 12 12 38 38 38 6 6 6 21 21 15 15 15 15 15 18 7 7 7 7 7 7 8 8 8 1 1 1 1 1 1 1 1 1 1 1 9 9 5 5 5 5 5 5 5 6 32 20 20 20 1 1 1 1 1 1 1 1 1 1 1 1 1 1 1 2 2 2 2 2 2 2 5 5 3 3 3 3 7 7 7 6 6 9 9 9 4 4 4 4 4 16 16 16 
21 41 41 8 8 8 8 3 3 3 3 3 3 3 3 3 2 2 2 2 8 8 8 8 4 4 4 4 4 8 8 8 8 41 41 1 1 1 39 39 39 39 39 3 3 3 3 3 19 19 19 11 11 11 11 11 21 21 21 21 1 1 5 5 5 5 5 5 1 1 1 1 1 1 1 1 1 1 1 1 1 1 1 1 1 1 1 1 1 1 1 1 1 1 1 16 16 16 5 5 5 2 2 2 2 47 31 31 31 38 38 38 21 21 21 21 21 15 15 15 15 18 18 18 7 7 7 7 1 1 1 1 1 1 1 1 1 1 1 1 1 1 1 37 37 5 5 5 5 5 5 5 32 32 32 20 1 1 1 1 1 1 1 1 1 1 1 1 1 1 1 1 1 2 2 2 2 2 2 5 5 5 3 3 7 7 7 7 7 9 9 9 9 4 4 4 4 16 16 16 16 
20 8 8 8 8 8 8 8 3 3 3 3 3 3 3 3 2 2 2 2 2 8 8 4 4 4 4 4 4 8 8 8 8 8 1 1 1 1 1 39 39 39 39 3 3 3 3 3 19 19 19 11 11 11 5 5 21 21 21 5 5 5 5 5 5 5 5 5 5 1 1 1 1 1 1 1 1 1 1 1 1 1 1 1 1 1 1 1 1 1 1 1 1 1 3 16 16 16 5 5 2 2 2 2 2 2 31 31 31 38 38 21 21 21 21 21 21 15 15 15 18 18 18 18 8 8 8 1 1 1 1 1 1 1 1 1 1 1 12 1 1 1 37 37 37 10 5 5 5 5 5 5 32 32 12 12 1 1 1 1 1 1 1 1 1 1 1 1 1 1 1 1 1 30 2 2 2 2 2 5 5 5 7 7 7 7 7 7 7 9 9 9 9 4 4 42 42 16 16 41 41 
19 8 8 8 8 8 8 8 8 3 3 3 3 3 3 3 2 2 2 2 2 2 2 4 4 4 4 4 4 4 8 8 8 8 1 1 1 1 1 1 4 4 4 10 10 10 3 3 19 19 19 1 1 5 5 5 5 21 5 5 5 5 5 5 5 5 5 5 5 5 1 1 1 1 1 1 1 1 1 1 1 1 1 1 1 1 1 1 1 1 1 1 1 3 3 3 16 16 6 6 2 2 2 2 2 2 31 31 3 3 25 25 21 21 21 21 6 6 6 6 18 18 18 18 8 8 8 1 1 1 1 1 1 1 1 1 1 1 12 12 3 3 37 37 10 10 10 5 5 5 5 5 32 12 12 12 1 1 1 1 1 1 1 1 1 1 1 1 1 1 1 1 30 30 30 2 2 2 2 5 5 7 7 7 7 7 7 7 7 2 2 2 2 42 42 42 42 42 41 41 41 
18 8 8 8 8 8 8 8 8 4 4 3 3 3 3 4 2 2 2 2 2 2 2 4 4 4 4 4 4 4 4 4 4 4 1 1 1 1 1 1 4 4 4 10 10 10 10 9 9 19 1 1 1 5 5 5 5 8 8 5 5 5 5 5 5 5 5 5 5 5 1 1 1 1 1 10 10 10 10 1 1 1 1 1 6 6 6 1 1 1 5 5 5 3 3 3 3 3 6 6 6 2 2 2 2 2 1 1 3 3 25 25 25 21 21 6 6 6 6 6 6 12 12 12 22 22 1 1 1 1 1 1 1 1 1 1 1 1 12 3 3 3 3 49 49 10 10 7 5 5 4 4 4 12 12 12 1 1 1 1 1 1 1 1 1 1 1 1 1 1 1 1 30 30 11 11 2 2 2 11 7 7 7 7 7 7 7 7 7 2 2 2 2 42 42 42 42 42 41 41 41 
17 1 1 1 8 8 8 8 4 4 4 4 4 4 4 4 4 2 2 2 2 2 2 4 4 4 4 4 4 4 4 4 4 4 1 1 1 1 1 1 1 4 4 10 10 10 10 9 9 9 1 1 1 1 5 5 8 8 8 8 5 5 5 5 5 5 5 5 5 5 5 1 28 28 10 10 10 10 10 10 1 1 1 6 6 6 6 6 1 5 5 5 5 5 3 3 3 3 24 6 6 6 2 2 2 1 1 1 1 3 25 25 25 25 6 6 6 6 6 6 6 12 12 12 22 22 1 1 1 1 1 1 1 1 1 1 1 1 12 3 3 3 3 49 49 49 7 7 7 4 4 4 4 4 12 1 1 1 1 1 1 1 1 1 1 1 1 1 1 1 1 1 30 11 11 11 11 11 11 11 11 7 7 7 7 7 7 7 7 2 2 2 2 2 42 42 42 2 2 41 41 
16 1 1 1 1 1 1 1 4 4 4 4 4 4 4 4 4 2 2 2 2 1 1 1 4 4 4 4 4 4 4 4 4 1 1 1 1 1 1 1 1 1 1 1 10 10 10 9 9 9 1 1 1 1 1 8 8 8 8 8 8 5 5 5 45 45 5 5 5 5 5 28 28 28 10 10 10 10 10 6 6 6 6 6 6 6 6 6 5 5 5 5 5 5 5 5 5 24 24 24 6 4 2 2 2 1 1 1 1 1 25 25 25 18 6 6 6 6 6 6 6 12 12 12 39 39 1 1 1 1 1 1 1 1 1 1 1 1 1 21 21 21 21 49 49 49 7 7 7 7 4 4 4 4 1 1 1 1 1 1 1 1 1 1 1 1 1 1 1 1 1 3 3 11 11 11 11 11 11 11 11 11 7 7 7 7 7 7 7 2 2 2 2 2 35 35 2 2 2 2 2 
15 1 1 1 1 1 1 14 14 4 4 4 4 4 4 4 4 2 2 2 1 1 1 1 1 1 1 4 4 4 4 4 1 1 1 1 1 1 1 1 1 1 1 1 1 10 10 9 9 9 1 1 1 1 8 8 8 8 8 8 8 8 8 45 45 45 45 5 5 25 25 28 28 28 10 10 10 10 6 6 6 6 6 6 4 4 4 4 5 5 5 5 5 5 5 5 5 24 24 24 4 4 4 2 2 2 1 1 1 1 1 25 18 18 18 3 3 5 5 5 11 11 11 11 39 39 39 1 1 1 1 1 1 1 1 1 1 1 2 21 21 21 21 21 49 49 7 7 7 7 4 4 4 1 1 1 1 1 1 1 1 1 1 1 1 1 1 1 1 3 3 3 3 11 11 11 11 11 11 11 11 11 5 5 5 5 7 7 7 25 2 2 2 10 35 35 2 2 2 2 2 
14 1 1 1 1 1 14 14 14 14 4 4 4 4 15 15 15 36 36 36 1 1 1 1 1 1 1 1 4 4 4 1 1 1 1 1 1 1 1 1 1 1 1 1 1 1 1 9 9 3 3 3 3 3 8 8 8 8 8 8 8 8 8 45 45 45 7 7 25 25 25 25 28 10 10 10 10 38 6 6 6 6 6 4 4 4 4 4 4 5 5 5 5 5 5 5 2 2 24 4 4 4 4 2 2 2 2 1 1 1 1 1 18 18 18 3 3 5 5 5 37 11 11 11 11 39 39 1 1 1 1 1 1 1 1 1 1 2 2 21 21 21 21 21 50 50 50 7 10 10 4 4 1 1 1 1 1 1 1 1 1 1 1 1 1 1 1 1 1 3 3 3 3 3 11 11 11 11 11 11 11 5 5 5 5 5 5 7 25 25 25 2 10 10 10 2 2 2 2 2 2 
13 32 32 1 1 14 14 14 14 14 6 4 4 15 15 15 15 36 36 36 36 1 1 1 1 1 1 1 1 1 1 1 1 1 1 1 1 1 1 1 1 1 1 1 1 1 1 1 3 3 3 3 3 3 3 8 8 8 8 8 8 8 8 7 7 7 7 7 25 25 25 22 22 10 10 10 38 38 38 6 6 6 6 4 4 4 4 4 4 1 1 5 5 5 5 2 2 2 2 4 4 4 2 2 2 2 2 1 1 1 1 1 1 18 3 3 3 3 5 37 37 37 11 11 11 11 1 1 1 1 1 1 1 1 1 1 28 2 2 21 21 21 21 50 50 50 50 10 10 10 10 1 1 1 1 1 1 1 1 1 1 1 1 1 1 1 1 1 3 3 3 3 3 3 3 4 4 4 11 11 35 5 5 5 5 5 5 25 25 25 25 10 10 10 10 2 2 2 2 2 2 
12 32 32 32 32 14 14 14 14 6 6 6 15 15 15 15 15 36 36 36 36 1 1 1 1 1 1 1 1 1 1 1 1 1 1 1 2 1 1 1 1 1 1 1 1 1 1 1 3 3 3 3 3 3 3 3 8 8 8 8 8 8 8 7 7 7 7 7 14 14 14 22 22 22 4 4 38 38 38 14 14 14 14 14 4 4 4 4 1 1 1 1 1 5 2 2 2 2 2 4 4 4 2 2 25 25 25 1 1 1 1 1 1 3 3 3 3 3 3 37 37 37 6 6 6 12 12 1 1 1 1 1 1 1 1 1 8 8 8 1 1 1 50 50 50 50 50 10 10 10 10 1 1 1 1 1 1 1 1 1 14 14 14 1 1 1 1 3 3 3 3 3 3 3 4 4 4 4 4 35 35 35 5 5 2 2 23 23 25 25 25 10 10 6 6 6 2 2 2 2 2 
11 32 32 32 32 32 9 9 6 6 6 6 15 15 15 15 15 36 36 36 36 1 1 1 1 1 1 1 1 1 1 1 1 1 1 2 2 2 1 1 1 1 1 1 1 1 1 1 3 3 3 3 3 3 3 3 8 8 8 8 8 8 8 7 7 7 7 2 14 14 14 14 22 4 4 4 4 38 38 14 14 14 14 14 48 4 4 4 1 1 1 1 1 1 2 2 2 2 12 12 4 50 50 25 25 25 25 1 1 1 1 1 1 3 3 3 3 3 3 37 37 37 6 6 6 12 12 12 1 1 1 1 1 1 1 1 8 8 8 1 1 1 50 50 50 50 50 10 10 10 10 1 1 1 1 1 1 1 1 14 14 14 14 14 1 10 10 10 3 3 3 3 3 4 4 4 4 4 4 35 35 35 35 2 2 2 23 23 23 37 37 37 6 6 6 6 6 2 3 3 2 
10 32 32 32 32 32 9 9 9 6 6 6 15 15 15 15 15 36 36 36 5 5 1 1 1 1 1 1 1 1 1 1 1 1 2 2 2 2 2 2 2 1 1 1 1 1 1 1 3 3 3 3 3 3 3 4 8 8 8 8 8 8 8 2 2 2 2 2 2 14 14 14 4 4 4 4 4 4 2 2 14 14 14 48 48 48 48 48 1 1 1 1 1 1 2 2 2 12 12 12 50 50 50 50 25 25 25 1 1 1 1 1 1 3 3 3 3 3 3 3 37 37 37 6 6 6 12 12 1 1 1 1 1 1 1 1 8 8 8 8 1 37 37 50 50 3 3 3 10 10 10 11 11 1 1 1 1 9 9 14 14 14 14 14 10 10 10 10 10 10 10 10 10 4 4 4 4 4 4 35 35 35 35 2 2 2 23 23 37 37 37 37 6 6 6 6 6 3 3 3 3 
9 2 2 2 2 5 5 9 9 3 3 3 3 3 3 13 13 36 36 5 5 5 4 4 1 1 1 1 1 1 1 1 1 2 2 2 2 2 2 2 2 2 1 1 1 1 1 1 3 3 3 3 3 3 4 4 4 8 8 8 8 8 8 2 2 2 2 2 2 2 4 4 4 4 4 4 4 4 2 2 2 6 6 48 48 48 48 48 2 2 1 1 23 23 23 5 5 12 12 12 50 50 50 21 21 25 25 1 1 1 1 1 1 3 3 3 3 3 3 3 3 37 37 6 6 6 6 3 3 1 1 1 1 1 1 1 8 8 8 8 37 37 37 3 3 3 3 3 3 3 3 11 11 11 1 1 9 9 9 9 14 14 14 14 10 10 10 10 10 10 10 10 10 4 4 4 4 4 1 1 35 35 35 38 38 38 38 37 37 37 37 37 6 6 6 6 1 3 3 3 3 
8 2 2 2 2 5 5 5 3 3 3 3 3 3 3 13 13 2 2 2 5 5 4 4 4 1 1 1 1 1 1 1 1 2 2 2 2 2 2 2 2 2 1 1 1 1 1 1 3 3 3 3 3 19 4 4 4 4 8 8 8 4 4 2 2 2 2 2 2 2 4 4 4 4 4 4 4 1 1 2 2 6 6 6 48 48 48 48 2 2 2 23 23 23 5 5 5 5 32 32 32 32 21 21 21 21 3 3 1 1 1 1 1 3 3 3 3 3 3 3 3 3 6 6 6 6 6 3 3 3 1 1 1 1 1 1 1 8 8 8 37 37 37 3 3 3 3 3 3 3 3 11 11 11 29 29 9 9 9 9 14 14 14 14 10 10 10 10 10 10 10 10 10 10 4 4 4 1 1 1 1 26 26 38 38 38 38 37 37 37 37 37 7 6 6 1 1 1 3 3 3 
7 2 2 2 2 5 5 5 3 3 3 3 3 3 3 2 2 2 2 2 2 2 2 4 4 1 1 1 1 1 1 1 1 1 2 2 7 7 2 2 2 2 1 1 1 1 1 4 4 3 3 12 19 19 19 4 4 7 7 8 4 4 4 2 2 2 2 2 2 2 4 4 4 4 4 4 1 1 1 1 1 6 6 6 6 6 48 48 2 2 2 3 23 23 5 5 5 32 32 32 32 32 32 21 21 3 3 3 3 1 1 1 1 3 3 3 3 3 3 3 3 11 11 6 6 6 2 3 3 3 1 1 1 1 1 1 1 1 8 4 4 37 37 2 3 3 3 3 3 3 3 7 7 7 29 29 29 9 9 9 3 3 3 3 10 10 10 10 10 10 10 10 10 10 2 2 1 1 1 1 1 26 26 26 38 38 38 37 37 37 37 7 7 7 7 1 1 1 1 1 1 
6 2 2 2 2 2 5 3 3 3 3 3 3 3 3 2 2 2 2 2 2 2 2 2 9 9 9 1 1 1 1 1 1 1 1 7 7 7 7 2 2 1 1 1 1 1 1 4 4 4 12 12 19 19 19 18 7 7 7 4 4 4 4 4 2 2 2 2 2 2 2 4 4 4 4 1 1 1 1 1 1 6 6 6 6 6 6 6 2 2 3 3 3 3 49 49 49 32 32 32 32 32 32 3 3 3 3 3 3 3 1 1 3 3 3 3 3 3 3 3 3 11 11 2 2 2 2 2 3 3 1 1 1 1 1 1 1 1 4 4 4 4 2 2 2 2 3 3 3 3 7 7 7 7 29 29 4 4 4 4 3 3 3 3 3 10 10 10 10 10 10 7 7 7 2 2 1 1 1 1 1 26 26 26 26 38 38 31 31 27 27 7 7 7 7 7 1 1 1 1 1 
5 2 2 2 2 2 2 3 3 3 3 3 3 3 3 2 2 2 2 2 2 2 2 2 9 9 9 9 1 1 1 1 1 1 1 7 7 7 7 30 30 1 1 1 1 1 1 4 4 4 21 21 21 21 18 18 18 7 7 4 4 4 4 4 4 2 2 2 2 2 2 2 4 4 1 1 1 1 1 1 1 1 6 6 6 6 6 6 6 3 3 3 3 3 49 49 49 49 32 32 32 32 32 3 3 3 3 3 3 3 3 3 3 3 3 3 3 3 3 3 11 11 11 2 2 2 2 2 2 4 4 1 1 3 3 3 3 3 4 4 4 4 4 2 2 2 2 1 1 1 7 7 7 7 4 4 4 4 4 4 3 3 3 3 3 1 1 10 10 10 7 7 7 7 11 11 1 1 1 1 1 26 26 26 26 26 31 31 31 27 27 7 7 7 7 7 7 1 1 1 1 
4 2 2 2 2 2 2 3 3 3 3 3 3 3 4 4 4 2 2 2 2 2 2 2 9 9 9 9 6 6 1 1 1 1 1 1 7 7 30 30 30 30 1 1 1 1 1 1 4 21 21 21 21 21 18 18 18 18 1 1 4 4 4 4 4 2 2 2 2 2 2 2 2 1 1 1 1 1 1 1 1 1 6 6 6 6 6 6 6 7 3 3 3 15 15 49 49 49 29 2 2 2 2 3 3 3 3 3 3 3 3 3 3 3 3 3 3 3 3 10 11 11 11 2 2 2 2 2 2 4 4 4 3 3 3 3 3 3 4 4 4 4 4 4 2 2 2 1 1 1 1 7 7 9 9 4 4 1 1 1 3 3 3 3 3 1 1 1 1 1 7 7 7 31 11 11 11 1 1 1 1 1 26 26 26 47 47 31 4 4 7 7 7 7 7 7 7 7 1 1 1 
3 2 2 2 2 2 2 3 3 3 3 3 4 4 4 4 4 4 2 2 2 2 2 2 9 9 9 6 6 6 6 1 1 1 1 1 1 30 30 30 30 30 4 1 1 2 2 2 43 21 21 21 21 21 18 18 18 18 1 1 1 4 4 4 4 2 2 2 2 2 2 2 2 1 1 1 1 1 1 1 1 1 6 6 6 6 6 6 7 7 7 3 15 15 15 15 49 29 29 2 2 2 2 3 3 3 3 3 3 3 3 3 3 3 3 3 3 3 3 3 11 11 11 2 2 2 2 2 2 4 4 4 3 3 3 3 3 8 8 4 4 4 4 4 4 4 1 1 1 1 1 1 9 9 9 1 1 1 1 1 1 3 3 3 3 1 1 1 1 1 1 7 31 31 31 11 11 13 13 1 1 1 1 26 47 47 47 47 4 4 7 7 7 7 7 7 7 7 7 7 1 
2 2 2 2 2 2 2 3 3 3 3 4 4 4 4 4 4 4 2 2 2 2 2 2 9 9 9 6 6 6 6 1 1 1 1 1 1 30 30 30 30 4 4 4 2 2 2 2 2 21 21 21 21 21 18 18 18 18 1 1 1 4 4 4 4 2 2 2 2 2 2 2 2 1 1 1 1 1 1 1 1 1 6 6 6 6 6 7 7 7 7 7 15 15 15 15 15 29 29 2 2 2 2 3 3 3 3 3 3 3 3 3 3 3 3 3 3 3 3 10 11 11 11 2 2 2 2 2 2 4 4 4 3 3 3 3 8 8 8 8 4 4 4 4 4 4 1 1 1 1 1 1 9 9 9 1 1 1 1 1 1 3 3 3 3 1 1 1 1 1 1 3 31 31 31 31 13 13 13 13 1 1 1 1 47 47 47 47 4 4 7 7 7 7 7 7 7 7 7 7 7 
1 2 2 2 2 2 2 2 3 3 3 4 4 4 4 4 4 4 2 2 2 2 2 2 2 9 9 6 6 6 6 1 1 1 1 1 1 1 30 30 30 4 4 4 2 2 2 2 2 21 21 21 21 21 18 18 18 18 1 1 1 1 4 4 4 2 2 2 2 2 2 2 2 1 1 1 1 1 1 1 1 1 1 6 6 6 6 7 7 7 7 7 15 15 15 15 15 29 29 2 2 2 2 2 3 3 3 3 3 3 3 3 3 3 3 3 3 3 3 3 11 11 11 2 2 2 2 2 2 2 4 4 3 3 3 3 8 8 8 8 4 4 4 4 4 4 1 1 1 1 1 1 1 9 9 1 1 1 1 1 1 1 3 3 3 1 1 1 1 1 1 1 31 31 31 31 13 13 13 13 1 1 1 1 1 47 47 47 4 4 4 7 7 7 7 7 7 7 7 7 7 
